test_index,y_true
15.0,-0.001
29.0,-0.001
48.0,-0.001
56.0,0.001
70.0,-0.001
77.0,0.001
109.0,0.004
111.0,-0.001
131.0,0.001
133.0,-0.003
142.0,-0.002
143.0,-0.003
158.0,0.005
171.0,0.001
175.0,0.005
184.0,0.001
208.0,0.002
216.0,0.001
220.0,-0.002
248.0,0.001
260.0,-0.002
276.0,0.001
281.0,-0.002
309.0,-0.002
315.0,0.001
325.0,0.004
328.0,-0.001
354.0,0.002
356.0,0.001
367.0,0.002
369.0,0.002
375.0,0.002
376.0,-0.002
388.0,0.001
408.0,-0.002
413.0,0.001
417.0,-0.003
429.0,0.001
433.0,0.001
443.0,0.001
461.0,0.002
465.0,-0.002
475.0,-0.001
479.0,-0.004
482.0,0.001
497.0,-0.002
504.0,-0.001
519.0,-0.005
520.0,0.008
521.0,-0.001
532.0,-0.002
538.0,-0.003
541.0,0.001
543.0,0.001
567.0,-0.001
579.0,0.004
581.0,0.001
592.0,0.001
593.0,0.001
597.0,-0.002
605.0,-0.002
606.0,0.001
612.0,-0.001
615.0,-0.001
619.0,-0.005
620.0,0.005
622.0,-0.002
637.0,-0.001
642.0,-0.002
644.0,-0.001
647.0,-0.003
649.0,0.002
665.0,-0.003
666.0,-0.001
692.0,-0.002
696.0,-0.006
698.0,-0.003
702.0,-0.003
704.0,0.004
717.0,-0.001
741.0,0.004
753.0,-0.002
757.0,0.005
759.0,0.001
763.0,0.002
769.0,-0.002
771.0,0.003
786.0,0.001
789.0,-0.001
806.0,0.005
811.0,-0.003
825.0,0.002
830.0,0.002
833.0,-0.001
845.0,-0.001
866.0,-0.001
868.0,0.001
872.0,0.001
877.0,-0.001
881.0,-0.009
883.0,-0.002
894.0,-0.005
898.0,-0.005
908.0,-0.003
918.0,-0.001
926.0,0.001
938.0,-0.001
944.0,0.002
947.0,-0.001
951.0,0.001
978.0,-0.003
1028.0,0.004
1049.0,-0.001
1057.0,0.001
1081.0,0.001
1083.0,0.001
1089.0,0.001
1093.0,0.005
1104.0,0.001
1111.0,-0.002
1126.0,-0.001
1141.0,0.001
1149.0,0.001
1152.0,-0.001
1161.0,-0.001
1164.0,-0.002
1178.0,0.002
1185.0,0.001
1196.0,0.005
1197.0,-0.002
1201.0,-0.001
1202.0,0.001
1204.0,0.001
1223.0,-0.001
1237.0,0.001
1242.0,0.002
1252.0,-0.006
1253.0,-0.002
1260.0,0.004
1262.0,-0.002
1281.0,0.002
1286.0,0.001
1289.0,0.004
1295.0,0.002
1296.0,0.001
1308.0,-0.001
1351.0,0.002
1381.0,-0.003
1392.0,0.002
1400.0,-0.001
1408.0,-0.002
1438.0,0.001
1457.0,-0.001
1462.0,-0.003
1482.0,0.001
1483.0,-0.001
1500.0,-0.001
1529.0,-0.001
1542.0,-0.005
1558.0,-0.001
1564.0,0.003
1567.0,0.001
1579.0,0.001
1596.0,0.001
1603.0,0.001
1605.0,0.003
1607.0,-0.006
1609.0,0.001
1614.0,-0.002
1621.0,-0.004
1622.0,0.003
1642.0,-0.003
1646.0,-0.001
1647.0,-0.003
1656.0,0.003
1669.0,0.001
1686.0,-0.003
1701.0,0.006
1718.0,-0.006
1723.0,-0.003
1743.0,-0.003
1744.0,0.001
1765.0,0.001
1777.0,0.003
1822.0,0.001
1841.0,0.003
1844.0,0.002
1846.0,0.003
1849.0,-0.002
1856.0,-0.001
1858.0,-0.003
1882.0,-0.002
1886.0,0.001
1891.0,0.002
1902.0,-0.001
1904.0,0.002
1924.0,-0.001
1931.0,0.004
1934.0,0.003
1945.0,-0.002
1947.0,-0.001
1953.0,0.002
1977.0,0.001
1979.0,-0.002
1998.0,-0.001
1999.0,0.002
2004.0,-0.003
2010.0,-0.001
2012.0,0.001
2019.0,-0.001
2033.0,0.001
2058.0,-0.001
2060.0,-0.001
2063.0,0.002
2068.0,0.002
2072.0,-0.004
2082.0,0.001
2089.0,0.001
2128.0,0.001
2171.0,0.001
2172.0,0.001
2187.0,-0.001
2201.0,-0.001
2208.0,-0.001
2209.0,0.001
2215.0,0.001
2220.0,-0.001
2228.0,-0.001
2243.0,-0.002
2249.0,-0.001
2256.0,-0.002
2276.0,0.002
2283.0,0.001
2293.0,-0.004
2297.0,-0.002
2306.0,0.001
2310.0,-0.002
2311.0,0.003
2326.0,-0.001
2336.0,-0.004
2337.0,-0.003
2340.0,-0.004
2341.0,0.001
2355.0,-0.002
2366.0,-0.001
2367.0,0.003
2368.0,-0.004
2369.0,-0.002
2390.0,-0.001
2398.0,0.001
2406.0,-0.002
2416.0,0.001
2417.0,0.001
2424.0,-0.002
2430.0,0.002
2449.0,-0.001
2452.0,-0.001
2459.0,0.002
2474.0,0.001
2477.0,-0.003
2487.0,-0.001
2489.0,-0.001
2490.0,-0.001
2517.0,-0.002
2523.0,-0.002
2526.0,0.001
2531.0,0.002
2537.0,-0.003
2548.0,0.001
2558.0,0.001
2567.0,0.001
2570.0,-0.003
2603.0,-0.004
2612.0,-0.003
2615.0,-0.006
2628.0,0.001
2639.0,-0.003
2655.0,-0.001
2675.0,-0.005
2702.0,0.003
2705.0,0.002
2711.0,0.004
2735.0,0.002
2764.0,-0.004
2769.0,-0.002
2776.0,-0.001
2804.0,-0.003
2809.0,0.001
2823.0,0.002
2851.0,0.001
2853.0,0.001
2891.0,0.002
2893.0,0.001
2902.0,0.001
2903.0,-0.002
2913.0,-0.001
2920.0,0.001
2921.0,0.003
2943.0,0.002
2957.0,-0.002
2966.0,0.001
2994.0,0.001
3008.0,-0.001
3010.0,-0.001
3034.0,-0.001
3045.0,0.001
3049.0,-0.001
3055.0,-0.002
3066.0,-0.002
3086.0,0.003
3095.0,-0.001
3114.0,0.005
3124.0,0.002
3162.0,-0.002
3178.0,-0.003
3188.0,0.001
3247.0,0.002
3280.0,-0.001
3283.0,-0.006
3291.0,0.002
3297.0,-0.001
3307.0,-0.002
3312.0,-0.002
3322.0,0.001
3327.0,-0.002
3328.0,0.002
3338.0,0.002
3339.0,-0.001
3344.0,-0.001
3351.0,-0.001
3355.0,0.001
3360.0,-0.003
3372.0,0.002
3377.0,0.003
3383.0,0.001
3386.0,0.003
3388.0,0.001
3396.0,0.002
3420.0,-0.001
3440.0,0.001
3442.0,0.002
3455.0,-0.002
3460.0,-0.003
3465.0,0.002
3469.0,0.001
3470.0,-0.008
3473.0,-0.002
3492.0,-0.003
3504.0,0.001
3510.0,0.003
3517.0,-0.004
3524.0,-0.003
3533.0,-0.001
3535.0,0.001
3549.0,0.001
3554.0,0.001
3557.0,-0.004
3580.0,0.001
3596.0,-0.002
3597.0,0.001
3604.0,0.001
3605.0,-0.003
3610.0,0.004
3613.0,0.001
3626.0,0.002
3634.0,-0.002
3638.0,-0.001
3648.0,0.001
3664.0,-0.001
3666.0,0.002
3667.0,-0.001
3674.0,0.001
3679.0,0.002
3693.0,-0.001
3709.0,0.001
3723.0,-0.004
3738.0,0.001
3749.0,-0.001
3750.0,-0.001
3759.0,-0.003
3765.0,-0.002
3766.0,0.002
3791.0,0.002
3804.0,0.001
3815.0,0.001
3839.0,-0.001
3841.0,-0.002
3842.0,0.002
3862.0,-0.001
3881.0,-0.004
3898.0,-0.004
3899.0,0.005
3909.0,0.001
3925.0,0.004
3939.0,-0.002
3949.0,0.002
3952.0,0.001
3994.0,-0.003
3996.0,-0.002
4000.0,-0.002
4003.0,-0.001
4012.0,0.002
4015.0,-0.003
4030.0,-0.003
4041.0,0.003
4042.0,-0.005
4044.0,-0.003
4064.0,-0.002
4071.0,0.003
4106.0,0.001
4107.0,-0.001
4111.0,0.002
4120.0,0.002
4121.0,-0.002
4129.0,-0.001
4131.0,0.001
4135.0,-0.002
4162.0,-0.002
4177.0,-0.002
4179.0,0.001
4191.0,-0.002
4199.0,-0.001
4207.0,0.001
4209.0,0.001
4210.0,-0.002
4213.0,0.001
4215.0,-0.001
4231.0,0.007
4255.0,-0.001
4263.0,0.002
4301.0,-0.002
4313.0,0.002
4343.0,0.001
4360.0,0.001
4364.0,0.004
4395.0,-0.002
4398.0,0.001
4455.0,-0.007
4473.0,-0.003
4485.0,0.004
4486.0,-0.004
4492.0,0.001
4498.0,-0.004
4533.0,-0.002
4536.0,-0.006
4539.0,0.004
4555.0,0.001
4558.0,0.003
4582.0,0.001
4597.0,-0.001
4599.0,-0.002
4604.0,0.002
4620.0,-0.001
4627.0,-0.003
4631.0,-0.001
4641.0,0.001
4643.0,-0.001
4661.0,0.001
4676.0,0.002
4694.0,-0.002
4707.0,0.001
4716.0,-0.001
4719.0,0.001
4735.0,-0.004
4744.0,0.002
4749.0,0.001
4781.0,0.004
4801.0,-0.001
4802.0,0.001
4806.0,0.002
4813.0,-0.003
4820.0,0.002
4835.0,-0.001
4844.0,-0.003
4862.0,-0.002
4864.0,0.001
4866.0,-0.001
4872.0,0.002
4876.0,0.002
4883.0,-0.003
4900.0,-0.002
4905.0,-0.003
4908.0,0.003
4913.0,0.002
4950.0,0.003
4955.0,0.002
4959.0,-0.001
4960.0,-0.001
4963.0,0.001
4964.0,0.002
4970.0,-0.002
4996.0,-0.001
5039.0,0.001
5042.0,-0.002
5050.0,-0.002
5056.0,0.001
5066.0,0.001
5076.0,-0.001
5088.0,0.001
5089.0,0.001
5092.0,-0.001
5093.0,0.002
5098.0,-0.001
5123.0,0.001
5139.0,0.001
5161.0,0.001
5169.0,-0.001
5172.0,0.001
5181.0,-0.001
5210.0,0.001
5212.0,-0.002
5237.0,0.002
5243.0,-0.001
5251.0,0.002
5253.0,-0.001
5257.0,-0.001
5269.0,-0.001
5271.0,0.001
5281.0,0.001
5286.0,-0.003
5287.0,0.001
5293.0,-0.001
5294.0,0.001
5334.0,0.009
5347.0,-0.002
5349.0,0.007
5395.0,-0.002
5410.0,0.001
5413.0,-0.003
5414.0,0.003
5415.0,0.008
5420.0,-0.004
5444.0,-0.002
5445.0,0.001
5455.0,-0.001
5464.0,-0.004
5477.0,-0.001
5479.0,-0.001
5486.0,0.001
5505.0,0.002
5511.0,-0.005
5524.0,-0.002
5526.0,-0.004
5528.0,0.004
5531.0,-0.004
5541.0,-0.006
5562.0,0.003
5579.0,-0.002
5588.0,0.002
5599.0,0.002
5603.0,0.006
5608.0,0.004
5612.0,-0.002
5619.0,0.003
5621.0,-0.001
5624.0,-0.001
5628.0,0.001
5637.0,0.002
5645.0,0.001
5651.0,0.001
5686.0,-0.002
5695.0,-0.001
5700.0,0.001
5715.0,0.001
5718.0,-0.003
5727.0,0.001
5730.0,0.002
5735.0,-0.001
5738.0,0.001
5747.0,0.002
5750.0,0.001
5752.0,-0.003
5766.0,-0.001
5767.0,0.002
5768.0,0.002
5777.0,0.001
5781.0,-0.001
5783.0,-0.007
5802.0,0.004
5807.0,0.002
5818.0,-0.001
5819.0,-0.004
5821.0,0.003
5825.0,0.001
5838.0,-0.002
5853.0,-0.001
5855.0,-0.003
5860.0,-0.002
5864.0,-0.001
5871.0,-0.002
5878.0,-0.001
5879.0,-0.001
5882.0,0.001
5905.0,-0.001
5936.0,-0.002
5943.0,-0.002
5948.0,0.001
5950.0,-0.002
5972.0,-0.006
5973.0,0.001
5998.0,0.002
6028.0,-0.003
6033.0,0.001
6036.0,0.001
6040.0,-0.001
6042.0,-0.001
6043.0,0.003
6060.0,-0.001
6088.0,-0.003
6101.0,0.001
6104.0,0.003
6110.0,-0.001
6113.0,-0.002
6115.0,0.002
6151.0,-0.002
6156.0,-0.001
6159.0,-0.001
6173.0,-0.001
6180.0,0.004
6190.0,-0.005
6194.0,-0.005
6198.0,-0.001
6205.0,0.001
6208.0,-0.003
6216.0,0.004
6227.0,-0.001
6238.0,-0.004
6242.0,-0.004
6246.0,-0.002
6259.0,0.001
6275.0,0.001
6276.0,-0.003
6293.0,0.001
6313.0,0.003
6329.0,0.001
6331.0,-0.003
6342.0,-0.001
6344.0,0.003
6348.0,0.001
6370.0,0.003
6374.0,0.005
6376.0,-0.002
6380.0,-0.003
6381.0,-0.003
6382.0,-0.002
6383.0,0.002
6395.0,-0.002
6399.0,-0.003
6416.0,-0.002
6421.0,-0.002
6423.0,0.001
6455.0,-0.002
6464.0,-0.003
6486.0,0.001
6498.0,-0.001
6504.0,0.004
6529.0,-0.001
6545.0,0.006
6582.0,-0.003
6588.0,0.001
6643.0,0.002
6647.0,0.001
6653.0,-0.005
6662.0,-0.002
6671.0,0.001
6678.0,-0.002
6697.0,0.001
6726.0,-0.004
6730.0,0.001
6732.0,-0.002
6761.0,-0.003
6770.0,0.002
6776.0,-0.001
6798.0,-0.002
6801.0,0.001
6808.0,0.003
6817.0,0.001
6830.0,0.001
6835.0,0.002
6845.0,-0.001
6861.0,0.001
6863.0,0.001
6866.0,-0.001
6926.0,-0.005
6928.0,0.004
6940.0,-0.001
6950.0,0.001
6955.0,0.003
6964.0,-0.001
6974.0,-0.001
6977.0,-0.004
6992.0,0.001
6995.0,-0.001
7006.0,0.001
7019.0,0.005
7023.0,-0.001
7046.0,0.002
7048.0,0.001
7051.0,-0.003
7055.0,-0.001
7059.0,0.001
7061.0,-0.001
7066.0,0.003
7072.0,-0.001
7080.0,0.001
7082.0,-0.001
7084.0,-0.001
7117.0,-0.004
7119.0,-0.002
7123.0,-0.001
7124.0,-0.001
7132.0,-0.002
7135.0,0.001
7149.0,-0.001
7155.0,-0.004
7157.0,0.001
7184.0,0.002
7189.0,-0.003
7199.0,-0.002
7204.0,0.002
7223.0,-0.003
7229.0,0.002
7231.0,-0.002
7235.0,-0.001
7241.0,0.001
7250.0,-0.001
7266.0,-0.002
7270.0,-0.001
7276.0,0.002
7286.0,0.001
7290.0,-0.002
7298.0,0.001
7303.0,-0.001
7317.0,-0.002
7319.0,-0.002
7321.0,-0.001
7332.0,-0.002
7343.0,-0.001
7352.0,0.002
7361.0,0.001
7426.0,-0.003
7452.0,0.003
7458.0,-0.004
7472.0,0.001
7474.0,-0.002
7477.0,-0.002
7490.0,0.001
7491.0,-0.002
7495.0,0.002
7500.0,-0.005
7508.0,-0.001
7510.0,0.002
7525.0,-0.003
7530.0,-0.001
7532.0,-0.001
7543.0,0.001
7546.0,-0.001
7578.0,0.002
7587.0,-0.002
7610.0,-0.001
7618.0,0.003
7628.0,0.001
7655.0,-0.002
7656.0,-0.003
7658.0,0.001
7669.0,0.001
7670.0,0.003
7677.0,0.001
7680.0,0.001
7709.0,0.001
7712.0,-0.002
7716.0,-0.001
7723.0,-0.001
7725.0,-0.002
7746.0,0.001
7749.0,0.001
7761.0,-0.001
7762.0,0.002
7763.0,0.003
7767.0,-0.005
7781.0,0.001
7782.0,-0.005
7787.0,-0.002
7802.0,-0.002
7808.0,0.002
7843.0,-0.002
7851.0,0.002
7883.0,-0.004
7884.0,0.002
7891.0,-0.002
7895.0,0.002
7899.0,-0.001
7900.0,0.002
7912.0,0.001
7914.0,-0.003
7924.0,-0.001
7926.0,0.002
7947.0,0.004
7949.0,-0.003
7956.0,0.003
7982.0,0.002
7983.0,-0.001
8024.0,0.001
8031.0,-0.001
8041.0,-0.001
8065.0,-0.002
8086.0,-0.002
8092.0,-0.001
8096.0,0.002
8103.0,0.002
8110.0,0.001
8121.0,-0.001
8132.0,0.001
8134.0,0.001
8137.0,0.003
8140.0,-0.001
8141.0,0.005
8142.0,0.001
8175.0,-0.003
8218.0,-0.002
8222.0,0.003
8223.0,0.002
8239.0,0.005
8284.0,0.001
8294.0,0.004
8295.0,0.001
8311.0,-0.002
8312.0,0.002
8341.0,0.001
8344.0,-0.003
8348.0,0.002
8355.0,-0.001
8357.0,-0.001
8361.0,0.002
8363.0,0.003
8364.0,-0.002
8371.0,0.001
8373.0,-0.002
8377.0,0.002
8384.0,-0.008
8391.0,-0.002
8405.0,-0.001
8419.0,0.001
8422.0,-0.002
8438.0,0.002
8467.0,-0.002
8471.0,-0.001
8473.0,-0.001
8477.0,-0.005
8485.0,-0.002
8488.0,0.004
8513.0,0.002
8518.0,0.001
8524.0,-0.003
8530.0,0.001
8534.0,0.001
8536.0,0.001
8549.0,0.001
8554.0,0.002
8571.0,-0.001
8586.0,-0.003
8590.0,0.001
8594.0,-0.001
8607.0,0.001
8639.0,0.001
8697.0,0.001
8700.0,-0.001
8708.0,-0.004
8718.0,-0.001
8722.0,0.003
8723.0,0.001
8726.0,0.001
8727.0,0.002
8729.0,-0.001
8737.0,-0.001
8761.0,0.002
8762.0,0.005
8765.0,-0.001
8770.0,0.001
8793.0,0.002
8794.0,-0.003
8795.0,-0.003
8820.0,0.004
8822.0,0.001
8833.0,-0.002
8871.0,0.001
8877.0,0.001
8881.0,0.002
8895.0,0.001
8901.0,-0.002
8917.0,-0.005
8918.0,-0.003
8940.0,-0.003
8943.0,-0.001
8961.0,-0.001
8962.0,0.001
8987.0,-0.001
8991.0,0.003
8995.0,0.001
8998.0,-0.002
9011.0,-0.003
9023.0,-0.002
9029.0,0.002
9044.0,0.002
9054.0,-0.001
9063.0,0.001
9068.0,0.001
9076.0,0.001
9086.0,0.002
9091.0,0.001
9092.0,0.003
9093.0,-0.002
9120.0,0.001
9145.0,-0.001
9153.0,0.001
9172.0,0.001
9182.0,-0.001
9184.0,0.004
9197.0,0.001
9209.0,-0.002
9212.0,0.001
9215.0,0.002
9219.0,0.001
9224.0,0.001
9234.0,0.003
9264.0,-0.004
9319.0,0.002
9326.0,0.001
9331.0,-0.001
9336.0,0.001
9343.0,-0.001
9357.0,-0.008
9362.0,-0.001
9373.0,-0.001
9377.0,-0.004
9384.0,0.001
9397.0,0.004
9402.0,-0.002
9404.0,0.002
9413.0,0.004
9438.0,0.004
9443.0,-0.002
9452.0,-0.001
9455.0,-0.001
9459.0,-0.002
9472.0,0.002
9473.0,0.001
9489.0,0.006
9503.0,-0.002
9510.0,0.004
9511.0,-0.003
9516.0,0.001
