test_index,y_pred
8.0,5.52
15.0,5.1
19.0,5.381666666666668
29.0,5.4
33.0,5.23
41.0,5.08
44.0,5.27
45.0,7.279000000000001
51.0,5.68
63.0,5.19
69.0,6.759000000000001
75.0,7.974666666666667
90.0,5.33
101.0,5.5343333333333335
102.0,5.82
107.0,5.32
110.0,5.28
121.0,7.16025
122.0,5.12
124.0,5.23
135.0,5.14
144.0,6.610833333333333
149.0,5.899333333333334
172.0,5.79
181.0,5.08
199.0,4.53
227.0,5.36
231.0,5.72
240.0,5.13
245.0,5.996166666666666
257.0,5.43
279.0,6.985
290.0,7.434333333333334
297.0,5.35
303.0,5.36
315.0,8.0066655982906
321.0,5.14
323.0,5.0
325.0,5.755
334.0,7.764833333333332
349.0,5.75
354.0,7.176833333333334
371.0,6.3405
373.0,5.28
380.0,6.025
408.0,8.021833333333333
410.0,5.18
414.0,5.04
418.0,7.776666666666667
420.0,8.2235
422.0,5.034666666666666
426.0,5.988416666666667
439.0,5.17
447.0,7.607
453.0,7.254666666666667
473.0,7.391333333333335
530.0,6.1819999999999995
548.0,6.359333333333334
549.0,5.1
553.0,4.79
555.0,6.33
565.0,5.626333333333333
576.0,5.475
577.0,4.97
584.0,6.973083333333334
586.0,6.935499999999999
589.0,7.1595
598.0,5.27
599.0,6.240833333333334
620.0,5.28
624.0,5.23
626.0,5.21
641.0,5.14
652.0,7.570166666666666
654.0,5.09
655.0,5.29
672.0,4.31
676.0,5.74
691.0,5.0
701.0,5.7
705.0,4.835
710.0,4.885
730.0,5.27
736.0,4.59
742.0,5.57
751.0,5.18
763.0,5.13
783.0,5.19
787.0,5.69
794.0,7.592039215686275
799.0,6.306666666666665
807.0,7.77
808.0,5.51
810.0,5.498666666666667
833.0,6.944333333333334
834.0,5.05
879.0,5.27
881.0,6.75875
889.0,5.04
893.0,5.48
907.0,6.283416666666667
926.0,6.4398333333333335
960.0,7.8130000000000015
964.0,7.8130000000000015
969.0,5.993333333333332
977.0,5.02
982.0,8.514458333333334
996.0,6.89
1018.0,5.994666666666667
1027.0,5.98
1032.0,5.41
1038.0,8.391333333333334
1042.0,8.27775
1047.0,5.454666666666667
1073.0,5.90875
1075.0,6.598499999999999
1079.0,7.0840000000000005
1092.0,7.794666666666667
1097.0,5.07
1101.0,6.824666666666667
1108.0,5.15
1119.0,6.28
1129.0,5.928999999999999
1158.0,6.725444444444445
1161.0,7.527
1174.0,5.69
1181.0,8.033
1183.0,5.18
1188.0,7.392833333333333
1193.0,5.22
1195.0,5.38
1199.0,5.7
1215.0,7.7861666666666665
1220.0,7.979499999999999
1225.0,5.17
1235.0,7.477416666666667
1242.0,8.200166666666666
1244.0,6.1305
1253.0,5.25
1268.0,5.43
1272.0,6.454000000000001
1315.0,5.81
1323.0,8.1695
1335.0,8.06016666666667
1340.0,6.055
1345.0,5.59
1354.0,5.509666666666667
1393.0,5.455
1405.0,8.354666666666667
1407.0,7.428958333333332
1410.0,5.545
1411.0,6.756166666666665
1421.0,5.21
1425.0,5.78
1433.0,6.803333333333333
1446.0,5.27
1454.0,7.849000000000001
1480.0,5.618666666666667
1487.0,6.5915
1488.0,6.781833333333334
1507.0,7.0791666666666675
1514.0,5.72
1535.0,5.605
1550.0,5.25
1557.0,5.8875
1559.0,5.305
1566.0,7.887497549019608
1569.0,6.313666666666665
1575.0,8.802333333333333
1606.0,5.8405555555555555
1611.0,7.243333333333332
1634.0,7.237166666666667
1643.0,5.644
1671.0,6.22425
1672.0,5.564666666666667
1726.0,7.41
1728.0,7.341333333333333
1737.0,7.745333333333334
1747.0,8.925
1765.0,5.63
1770.0,7.433372549019607
1786.0,7.730833333333333
1801.0,6.1375
1803.0,6.183333333333333
1805.0,6.16
1817.0,5.66
1820.0,5.245
1840.0,6.953666666666667
1859.0,7.097333333333333
1862.0,7.131166666666665
1864.0,5.37
1870.0,5.57
1872.0,4.96
1876.0,6.04
1902.0,6.921333333333334
1918.0,6.394
1921.0,6.395
1922.0,7.114333333333334
1934.0,8.257833333333332
1940.0,5.548333333333334
1945.0,7.537000000000001
1973.0,7.099333333333334
1978.0,6.614666666666667
2018.0,6.273666666666667
2042.0,5.435
2053.0,7.353666666666666
2057.0,5.51
2063.0,5.15
2083.0,5.495
2087.0,6.318
2112.0,7.869500000000001
2115.0,6.940666666666667
2118.0,8.040996794871797
2119.0,5.904666666666667
2124.0,5.23
2142.0,6.789666666666667
2153.0,7.336749999999999
2157.0,6.218333333333333
2177.0,7.9995
2197.0,7.535166666666666
2202.0,5.0
2223.0,5.19
2251.0,7.122999999999999
2254.0,8.28575
2303.0,8.153039215686272
2316.0,5.5525
2323.0,7.93625
2338.0,5.8
2339.0,7.352
2344.0,7.551789215686274
2345.0,7.3574166666666665
2348.0,6.905666666666666
2350.0,7.605999999999999
2389.0,5.62
2398.0,7.914833333333335
2405.0,5.870833333333333
2415.0,5.789666666666667
2417.0,5.04
2431.0,8.019534313725492
2436.0,7.920833333333335
2440.0,7.14
2458.0,5.31
2463.0,6.2
2464.0,7.47375
2515.0,8.093333333333332
2521.0,5.23
2526.0,5.404333333333333
2534.0,5.34
2542.0,7.936416666666666
2559.0,6.053260869565218
2570.0,8.344166666666668
2572.0,7.988666666666668
2575.0,6.808
2577.0,7.267333333333335
2578.0,6.289666666666667
2582.0,8.459000000000001
2592.0,5.924333333333334
2594.0,5.845
2600.0,5.24
2603.0,8.7735
2619.0,7.35875
2622.0,6.9341875
2629.0,5.855
2640.0,6.430666666666666
2641.0,7.252666666666666
2650.0,6.748333333333332
2653.0,6.099000000000001
2663.0,7.9170885780885785
2673.0,5.355
2676.0,6.419333333333334
2678.0,5.645
2680.0,5.79
2698.0,7.796833333333334
2707.0,8.144166666666667
2715.0,5.424666666666667
2746.0,5.16
2753.0,6.881277558190602
2771.0,7.389583333333335
2778.0,6.2829999999999995
2792.0,7.434
2794.0,7.533437978687979
2798.0,7.343333333333334
2815.0,7.474333333333334
2850.0,6.2909999999999995
2855.0,7.179333333333334
2857.0,5.25
2858.0,6.080679487179486
2864.0,7.766333333333333
2868.0,5.365
2882.0,7.233166666666666
2899.0,6.396166666666667
2900.0,6.873666666666664
2929.0,5.54
2932.0,7.556166666666666
2966.0,5.22
2987.0,7.568333333333333
2988.0,6.669333333333334
2995.0,7.568333333333333
3007.0,9.110435606060603
3012.0,6.395
3016.0,7.410583333333334
3026.0,6.463705882352941
3039.0,5.953055555555555
3045.0,6.258916666666667
3049.0,6.044666666666667
3058.0,6.364666666666667
3065.0,6.417999999999999
3076.0,5.41
3085.0,6.1688888888888895
3090.0,7.089000000000001
3113.0,7.25625
3129.0,5.675
3130.0,7.541777777777778
3132.0,6.434666666666667
3148.0,5.867142857142857
3151.0,7.847372549019608
3166.0,5.9
3185.0,5.355
3203.0,4.98
3204.0,7.5275
3207.0,5.774375
3220.0,5.03
3221.0,4.993333333333333
3226.0,5.03
3235.0,5.56
3265.0,5.234333333333333
3269.0,6.304666666666667
3288.0,8.189833333333333
3295.0,6.447499999999999
3306.0,6.660613237639555
3311.0,5.704666666666667
3312.0,5.594666666666667
3313.0,5.09
3316.0,5.345
3317.0,6.4433333333333325
3319.0,6.948039215686274
3321.0,7.242372549019608
3323.0,6.798666666666666
3332.0,6.254333333333334
3346.0,5.915
3355.0,5.0
3357.0,6.7035238095238086
3360.0,6.324000000000001
3375.0,5.915500000000001
3388.0,7.588916666666666
3396.0,7.476047619047619
3399.0,5.17
3411.0,7.343999999999999
3414.0,8.523333333333333
3429.0,7.21
3475.0,6.937666666666667
3483.0,7.166666666666668
3487.0,7.291361111111111
3519.0,6.306666666666667
3527.0,7.716122549019608
3542.0,5.795
3551.0,8.031833333333333
3555.0,5.509666666666667
3560.0,5.9188888888888895
3578.0,5.265
3583.0,10.555944985870678
3585.0,6.603333333333333
3592.0,6.283333333333332
3599.0,5.254666666666667
3607.0,6.228666666666668
3612.0,6.389666666666667
3613.0,7.077333333333334
3616.0,7.077333333333334
3620.0,6.478666666666666
3624.0,5.43
3641.0,5.38
3649.0,7.285
3656.0,7.662166666666667
3660.0,7.8053333333333335
3667.0,7.234750000000002
3668.0,7.1780833333333325
3688.0,6.378333333333333
3690.0,5.789
3703.0,7.04375
3705.0,7.188986111111111
3707.0,6.458048611111113
3717.0,7.835
3720.0,7.711749999999999
3731.0,6.603476495726496
3745.0,6.135
3764.0,5.19
3770.0,9.067973184151592
3780.0,7.406333333333334
3786.0,5.004666666666667
3790.0,6.594666666666667
3816.0,7.574999999999999
3838.0,5.6
3856.0,5.64
3867.0,6.5601666666666665
3870.0,5.822166666666667
3879.0,6.335
3886.0,5.1
3887.0,5.13
3909.0,7.263884415721877
3917.0,6.19
3921.0,5.565
3935.0,6.8522083333333335
3948.0,5.12
3949.0,6.421333333333332
3950.0,7.179666666666667
3955.0,5.665
3964.0,5.11
3968.0,7.410666666666668
3975.0,6.358
3977.0,6.983416666666667
3980.0,8.004666666666665
3997.0,8.61425
4001.0,6.689333333333333
4012.0,4.959666666666666
4015.0,5.925
4019.0,7.404875
4035.0,5.225
4039.0,5.6625
4048.0,7.147
4063.0,5.334666666666667
4071.0,7.093499999999999
4075.0,5.36
4077.0,5.22
4086.0,8.177749999999998
4092.0,5.6225
4102.0,5.22
4110.0,5.305
4121.0,7.224333333333334
4125.0,7.540416666666666
4140.0,7.036666666666667
4141.0,6.99
4162.0,5.08
4163.0,6.176833333333334
4183.0,8.977269331502699
4184.0,8.977269331502699
4189.0,7.15286111111111
4192.0,6.450333333333334
4198.0,6.015
4207.0,7.601166666666666
4214.0,9.065339452214452
4228.0,6.269333333333334
4252.0,5.26
4260.0,7.461666666666668
4270.0,7.306166666666667
4291.0,5.8
4292.0,7.574666666666667
4314.0,6.648666666666667
4315.0,6.06
4373.0,8.708666666666666
4377.0,7.723
4392.0,8.18070588235294
4393.0,5.07
4395.0,8.18070588235294
4401.0,6.702333333333334
4402.0,7.133705882352941
4417.0,6.360526350461133
4457.0,7.880166666666667
4463.0,7.284333333333333
4478.0,7.107666666666667
4487.0,7.123666666666667
4498.0,6.51941452991453
4510.0,5.15
4515.0,8.112872549019608
4520.0,5.494666666666667
4532.0,7.492750000000001
4535.0,5.789666666666667
4539.0,7.2108333333333325
4601.0,7.945666666666667
4603.0,7.551166666666667
4631.0,8.545166666666667
4635.0,5.964333333333334
4645.0,7.629333333333332
4656.0,7.752083333333332
4663.0,6.9833933747412
4680.0,5.67
4685.0,7.411833333333334
4701.0,5.51
4703.0,7.206666666666666
4738.0,5.959333333333334
4772.0,7.86213888888889
4781.0,5.31
4794.0,8.362083333333334
4813.0,8.728000000000002
4828.0,7.107750000000001
4840.0,7.505208333333335
4842.0,8.084333333333333
4861.0,6.567166666666667
4868.0,5.4
4878.0,6.6114999999999995
4903.0,7.929333333333334
4917.0,7.818666666666668
4927.0,6.8083333333333345
4932.0,6.265
4939.0,7.651372549019609
4942.0,5.89
4953.0,7.693722222222221
4957.0,6.641833333333333
4965.0,6.382083333333334
4974.0,6.649000000000001
4986.0,5.215
4987.0,6.872166666666666
4995.0,7.296194444444444
4996.0,6.178
5002.0,7.42975
5011.0,6.618666666666666
5019.0,5.4
5021.0,7.5732222222222205
5023.0,8.184208333333334
5043.0,5.224
5044.0,7.951666666666667
5045.0,5.57
5049.0,7.313666666666666
5066.0,5.591
5081.0,8.126666666666667
5082.0,8.359190476190477
5084.0,6.942666666666667
5086.0,6.507083333333334
5087.0,7.672773809523809
5089.0,7.308083333333334
5094.0,7.335750000000001
5106.0,7.89925
5113.0,7.785666666666666
5143.0,6.421833333333334
5144.0,7.754413321714406
5146.0,7.754413321714406
5169.0,6.988666666666665
5170.0,6.213666666666666
5174.0,7.358325757575759
5178.0,7.014333333333334
5193.0,7.429102564102565
5198.0,5.43
5200.0,6.473333333333333
5205.0,5.1
5206.0,6.319
5218.0,7.390444444444444
5223.0,8.000000000000002
5233.0,6.910500000000002
5243.0,7.121333333333334
5273.0,5.62
5284.0,6.663333333333334
5291.0,6.970666666666667
5306.0,8.570666666666668
5359.0,6.973166666666668
5407.0,6.453666666666667
5420.0,6.795666666666666
5425.0,7.413916666666668
5436.0,6.06
5443.0,6.973
5448.0,6.557666666666666
5459.0,5.22
5462.0,6.003333333333333
5468.0,6.069333333333334
5469.0,6.058333333333333
5473.0,5.474666666666667
5488.0,6.211666666666668
5490.0,6.253333333333333
5495.0,7.121333333333333
5505.0,7.309666666666667
5507.0,7.183
5510.0,5.998416666666667
5525.0,6.095
5526.0,7.73875
5528.0,5.0633333333333335
5543.0,7.319722222222222
5554.0,7.394166666666667
5564.0,7.097333333333333
5589.0,7.686093434343435
5597.0,5.875
5608.0,7.410166666666666
5628.0,8.0315
5636.0,5.51
5640.0,5.275
5643.0,9.04774020088958
5646.0,7.660999999999999
5655.0,7.47038888888889
5660.0,6.055
5668.0,6.439166666666668
5690.0,6.01
5696.0,6.01
5700.0,5.675
5701.0,5.675
5702.0,7.304166666666667
5717.0,7.411333333333334
5720.0,5.55090909090909
5749.0,5.3
5756.0,9.01280699350772
5762.0,6.059333333333334
5774.0,8.438469696969698
5775.0,6.605166666666666
5789.0,7.445333333333333
5793.0,6.718666666666667
5808.0,8.294830882352942
5809.0,5.69
5842.0,8.952666666666666
5846.0,5.829666666666667
5868.0,5.6729166666666675
5886.0,5.31
5893.0,6.888353535353536
5894.0,6.054333333333334
5927.0,7.618999999999999
5961.0,7.6884999999999994
5962.0,5.08
5979.0,7.979333333333334
5996.0,5.144666666666667
5998.0,5.26590909090909
6013.0,8.004333333333333
6021.0,6.4675
6024.0,6.6083333333333325
6031.0,7.456666666666667
6040.0,6.749999999999999
6061.0,8.451
6079.0,7.209111111111112
6083.0,5.11
6086.0,6.660875000000001
6095.0,6.32
6108.0,5.58
6111.0,7.430833333333334
6121.0,5.895
6124.0,6.957166666666667
6138.0,7.348333333333332
6140.0,6.642666666666667
6149.0,7.547000000000001
6165.0,7.9463333333333335
6181.0,6.009666666666667
6192.0,8.188305555555555
6193.0,8.687833333333336
6212.0,5.41
6214.0,7.763333333333334
6220.0,7.8425
6246.0,6.384416666666668
6256.0,8.190472222222223
6263.0,8.505
6302.0,7.302666666666668
6309.0,8.465000000000003
6317.0,5.941333333333334
6320.0,5.935
6321.0,5.404666666666667
6322.0,5.31
6333.0,7.933666666666668
6351.0,7.643916666666667
6354.0,7.607750000000001
6356.0,7.279250000000002
6378.0,6.2675
6385.0,8.271500000000001
6388.0,7.201083333333333
6401.0,7.770833333333332
6439.0,8.138916666666667
6458.0,7.688249999999999
6460.0,7.492666666666667
6479.0,5.83
