test_index,y_pred
25.0,5.778861144251032
39.0,5.607096090913924
41.0,5.708030234691257
53.0,6.064738455725945
61.0,5.7479355645847345
73.0,5.5554870751085605
85.0,5.8671530304747455
92.0,5.6968900601533115
107.0,5.576161791919115
127.0,5.949662099562334
139.0,5.666214409140424
158.0,5.819511850651754
169.0,5.604645523279518
174.0,5.561364723865306
180.0,5.573290128518655
190.0,5.741881935796047
210.0,6.02997426768272
217.0,5.562073692020339
248.0,5.598005990711892
275.0,6.100223045592946
278.0,6.165529010984566
279.0,5.648341640410212
281.0,5.960562015766168
291.0,5.9201788891373175
297.0,5.669257362156577
299.0,5.615617071164227
303.0,5.715237809693542
318.0,6.031433268329195
322.0,5.77677588536515
330.0,5.909863618512449
338.0,6.287756470813013
341.0,5.9659769410478765
346.0,6.080116019584828
359.0,5.643664143299924
367.0,5.78554671119257
374.0,5.58393983985505
389.0,5.74777347549415
398.0,5.779980454118108
408.0,6.019926025194774
420.0,6.455348377417103
422.0,5.7688150787069805
428.0,5.667850434906536
448.0,5.745342028448481
459.0,5.490430876561929
464.0,5.850851278688229
465.0,5.800753584759391
479.0,5.66517564404484
484.0,6.086208892306887
504.0,5.8770948666017855
510.0,5.821334202339027
529.0,5.573701920219043
542.0,5.7905949018097385
553.0,6.476106251200759
558.0,6.117061499776154
562.0,6.361093504090492
570.0,5.804357590399285
573.0,5.662126690817407
582.0,5.850292590370114
589.0,5.97979302757561
592.0,5.819141264775023
594.0,5.844978373238345
606.0,6.104667131307994
609.0,6.046459489313333
619.0,5.857269275181929
634.0,6.5436885122195845
640.0,5.743871136820727
650.0,5.663809011083063
651.0,6.104917879925312
668.0,5.961535256081231
674.0,5.850994275199297
691.0,5.499330095736555
700.0,6.035754291723417
725.0,5.952802022620879
740.0,6.11488399407783
764.0,5.583883281160369
770.0,5.955202675071874
784.0,5.815164804952913
785.0,5.479972749597372
790.0,5.729478533156083
802.0,6.010680169999447
814.0,6.02517606117314
817.0,6.173002042688916
819.0,5.4302857513207705
822.0,5.770713225719344
830.0,6.039278385693924
833.0,6.2035796882317715
846.0,5.79191800079061
855.0,6.109750609728711
856.0,6.414963017613395
862.0,5.784860902131593
863.0,5.6912158815277225
868.0,6.022531260636085
876.0,5.986451498278651
878.0,6.109467188473727
890.0,6.095106314504711
898.0,6.06984208275253
900.0,5.84491032450193
908.0,6.286649929854624
914.0,6.083081233108057
932.0,6.024771110501222
936.0,6.017409936442553
949.0,6.052010754941154
958.0,6.13330432396601
959.0,5.769967192972086
971.0,6.080725888924617
983.0,5.948743764080864
1018.0,6.736952037806384
1021.0,6.153732150682801
1028.0,6.387160504096201
1035.0,5.915166162802195
1047.0,6.059046621581245
1048.0,5.940065709027639
1057.0,5.99364609537098
1058.0,6.271516077898301
1068.0,6.039181150057691
1084.0,6.09100290266922
1091.0,5.983597033044964
1111.0,6.174164445741502
1139.0,5.626546386135046
1188.0,5.610349635011932
1201.0,6.052502849795843
1205.0,6.067629400688537
1210.0,5.941836969987371
1239.0,6.049219156837628
1250.0,6.072740767709011
1256.0,6.270615031897714
1264.0,6.199287417812398
1265.0,5.847691583669572
1268.0,5.807607630089335
1274.0,5.965167819650311
1275.0,5.5102076408209095
1277.0,5.884493980595602
1285.0,5.924199131131994
1286.0,6.120943647236669
1288.0,5.876765423389932
1320.0,5.540005300942543
1327.0,5.9343210620450035
1342.0,5.922884450984251
1346.0,5.992695042129961
1347.0,5.902886258246628
1350.0,6.1819687689809335
1368.0,5.659044796690833
1369.0,5.984705911606762
1373.0,6.191864487358831
1380.0,5.791532115329184
1384.0,5.773371728297568
1396.0,5.892995110910714
1399.0,5.917753239387704
1401.0,6.072161795202125
1402.0,5.9141373507766515
1421.0,5.867682648377698
1430.0,5.844090358895323
1434.0,6.451609225608658
1435.0,6.451609225608658
1466.0,6.107757494132839
1470.0,5.774243642039145
1479.0,5.919721196818726
1482.0,5.956644526234282
1496.0,5.729783650364009
1513.0,5.785095335127009
1517.0,6.0907908870248
1525.0,5.844648287632486
1530.0,5.9919468345440166
1540.0,5.894959972452496
1547.0,6.015997291676955
1549.0,6.0853034668424275
1570.0,6.132306250928747
1593.0,6.000335879849251
1606.0,5.813470720089143
1608.0,6.179074324493304
1611.0,5.793603155678044
1630.0,5.5149096823880726
1638.0,5.984032183575998
1639.0,6.197935071594091
1650.0,6.534659706085459
1652.0,6.5913902678374345
1661.0,5.627778648074499
1679.0,6.396953889381348
1720.0,6.101969680785973
1723.0,6.044812809347976
1732.0,5.7595687388099
1739.0,5.86186174565873
1784.0,5.617200119615435
1795.0,5.725819199701623
1799.0,5.733138078976593
1801.0,5.804923728660891
1809.0,5.614052135296652
1825.0,5.683783985423226
1828.0,5.94898268364494
1829.0,5.747895455926794
1830.0,5.6868432622329905
1838.0,5.773084092330709
1841.0,6.158065842593796
1844.0,5.890670780655277
1846.0,5.6634183553574005
1880.0,6.668882462775497
1898.0,6.10987870586531
1899.0,6.464909646720033
1900.0,5.6066157836513675
1902.0,6.103919301379517
1920.0,6.274703549979411
1921.0,6.260522231383973
1923.0,5.470492303639389
1933.0,5.650623797202609
1940.0,5.677841582333152
1950.0,6.329459871878428
1954.0,5.7211092084177935
1964.0,6.480343878440442
1965.0,6.357819542281968
1966.0,6.088629940347284
1968.0,6.180110299214864
1976.0,5.897668519340107
1981.0,5.678796907269277
2014.0,6.11900904817091
2020.0,5.798040829972759
2038.0,5.8682618393718124
2039.0,6.228721596595177
2055.0,5.88101992019949
2057.0,5.642566002867183
2058.0,5.347252937102707
2062.0,5.583449887061382
2065.0,6.346146212438044
2066.0,5.583449887061382
2082.0,5.689274636587714
2090.0,5.883856216574872
2093.0,6.19624827159055
2099.0,5.738661069017713
2112.0,6.154015330291615
2124.0,5.770279819801633
2125.0,5.837156931864644
2127.0,6.321139651317136
2128.0,5.989992429166366
2141.0,5.405650819244332
2144.0,6.1984485966505405
2171.0,5.7450559860050685
2177.0,6.292869406185233
2183.0,6.158027738719678
2193.0,5.485649471289655
2200.0,6.343788284621381
2201.0,5.5255476573474
2227.0,5.723326653539477
2237.0,5.7893778780964755
2238.0,5.798157202807074
2252.0,6.087650725881662
2254.0,6.453988554513913
2274.0,5.670818755742474
2278.0,6.2085645416543995
2290.0,5.703573844300999
2292.0,5.722258259076946
2303.0,6.136703569427996
2306.0,6.241523219906028
2309.0,5.942288669837504
2318.0,6.292518591424352
2320.0,5.435567024038043
2351.0,5.986377680496578
2366.0,5.592091253101844
2375.0,5.911715662523777
2382.0,6.038004404409626
2388.0,6.051813898361126
2420.0,5.62935532320683
2432.0,6.36539094464517
2439.0,5.765359578241746
2442.0,6.4085903454940665
2444.0,6.2791867161338395
2447.0,5.7045162636471
2453.0,6.393820142026655
2454.0,6.221242899711894
2455.0,5.990806481500399
2456.0,5.953818940226597
2473.0,5.504434545740977
2482.0,6.071323564746574
2505.0,5.435086079624192
2512.0,5.67122362996089
2537.0,5.781750019923351
2538.0,5.734766839614679
2543.0,5.476368266432272
2546.0,5.787299929454607
2560.0,6.608703711070139
2561.0,5.750103150002314
2563.0,5.98001833645117
2589.0,6.254117506900384
2608.0,6.076479927218188
2614.0,5.829860078517157
2640.0,5.885375322643018
2655.0,6.160783258351849
2656.0,5.627321268103531
2687.0,5.7344379805575825
2692.0,6.112199729134668
2693.0,5.751701575528447
2696.0,6.005362984454529
2719.0,6.151583300537935
2723.0,5.813279772766709
2746.0,5.244555112514802
2751.0,5.894487959045248
2754.0,5.71162673170265
2776.0,5.483875894530148
2788.0,5.319946136884514
2792.0,6.240094804721782
2798.0,5.710755537361626
2807.0,6.688088485191452
2808.0,6.467787837465663
2837.0,6.72285236867102
2840.0,5.742884042113693
2861.0,5.7536642847189405
2890.0,5.777539831185672
2891.0,5.664687600273026
2894.0,5.777539831185672
2898.0,6.184106804239647
2904.0,5.823132235791645
2912.0,5.291591252001131
2929.0,5.920019024409739
2935.0,6.116345618554479
2968.0,5.749196777896004
2978.0,5.278841892089108
2993.0,6.241024229214293
2999.0,5.639154267450223
3008.0,6.218318606816357
3011.0,6.081089582575808
3015.0,5.664225948242724
3017.0,5.740641696862667
3027.0,6.155169049715205
3035.0,5.878622259557067
3045.0,6.644325581912854
3051.0,6.129039577414764
3068.0,5.336858175387732
3073.0,5.519111761135367
3079.0,5.6446211666769495
3086.0,5.933263480903793
3090.0,5.526539032251164
3098.0,5.817052396845673
3111.0,6.154800981732034
3116.0,6.161876824741707
3118.0,5.831663732591914
3121.0,5.55601982936976
3147.0,6.6459804581228
3156.0,6.057532843719178
3157.0,5.408884087861267
3160.0,5.451089312431033
3166.0,5.801954217366939
3171.0,6.075224248528343
3186.0,5.669553012890489
3194.0,5.66812307468804
3207.0,5.772008286891926
3208.0,5.759081384725086
3231.0,6.412416541014254
3254.0,5.949764017122154
3261.0,6.304207319490596
3265.0,5.48378574980389
3271.0,5.8797355099101365
3295.0,5.806119040041227
3318.0,5.878065425590396
3340.0,6.221600098932296
3351.0,5.748241952223001
3366.0,5.787704180196836
3387.0,6.570288613978987
3405.0,5.3254877929684845
3413.0,6.5900118657497
3448.0,5.929273820037058
3455.0,5.693568886616081
3478.0,5.488359802389231
3489.0,5.722472344754938
3508.0,6.289148784937728
3509.0,5.834178674020399
3514.0,6.393378763346273
3526.0,6.0535325712253485
3527.0,5.911938002725564
3545.0,6.081304060182018
3560.0,5.761181427088648
3571.0,6.146037285041009
3599.0,6.443079857106216
3606.0,5.721519548940076
3607.0,5.634166493769778
3611.0,6.1199289225694935
3612.0,6.257929674900829
3617.0,5.68295273265491
3637.0,5.806974273991411
3643.0,5.880210360848016
3646.0,5.7914228498686295
3652.0,6.124400694309596
3676.0,5.715122066967949
3684.0,6.20938546262777
3694.0,5.926042417837053
3700.0,6.013839554278482
3713.0,5.792056661645944
3772.0,5.904410013404241
3774.0,5.69834708244912
3797.0,5.811060476985521
3812.0,6.0231588018892
3813.0,5.7271917861102875
3816.0,5.908081509244065
3817.0,5.852982451558501
3820.0,5.841167920552935
3828.0,6.34979293692104
3833.0,5.804061880658727
3834.0,5.3113913845041285
3850.0,6.3946203812628095
3851.0,5.913910331176883
3857.0,5.668517620295407
3858.0,6.071614821269771
3864.0,5.989923000374411
3872.0,5.482584121413867
3873.0,6.576992045727273
3891.0,5.666507344542365
3909.0,5.830581635692254
3911.0,6.069088034757582
3944.0,5.750623009432111
3950.0,5.719189323331072
3956.0,6.044625571166698
3968.0,6.068522757716581
3983.0,5.6805185150192
3996.0,5.83133495282839
4004.0,5.7841585595756015
4010.0,5.7268566064322215
4019.0,6.357252666492463
4023.0,5.607398285369676
4031.0,5.696359643762596
4040.0,5.533841352655815
4053.0,5.676428642592027
4083.0,5.718867282213957
4085.0,6.140118935059502
4102.0,5.391077773695721
4105.0,5.6373879819658805
4106.0,6.467753789974771
4127.0,6.086684979034074
4129.0,6.237854592296058
4132.0,6.396668071847168
4176.0,5.652532872727862
4177.0,6.960957432548684
4184.0,5.448817597394584
4189.0,6.409113251199378
4201.0,6.985945405139354
4216.0,6.457781679004829
4219.0,5.962017303867925
4226.0,6.445647803102592
4229.0,6.045606347418398
4231.0,5.705553230487091
4240.0,6.234996092370413
4246.0,6.387153635237128
4247.0,5.968982274329546
4308.0,5.723620494683701
4319.0,6.415118898750773
4344.0,6.195621529164381
4346.0,6.460839703554085
4349.0,5.971579711554299
4364.0,5.875109510327047
4374.0,6.466705908517576
4380.0,5.451244438392648
4386.0,5.837792917086252
4400.0,5.81896278275501
4410.0,6.020189277838979
4412.0,6.076595053198678
4456.0,6.794304457059342
4460.0,6.296520446791717
4462.0,6.094736897557544
4475.0,6.561384599456635
4484.0,6.324643990272262
4502.0,6.2330549176082855
4513.0,6.095457407279872
4542.0,6.415956437931295
4578.0,6.653936014816379
4583.0,5.9053734555973865
4585.0,6.239503487511048
4606.0,6.229385170735561
4642.0,6.49471258073875
4644.0,5.887386482206915
4650.0,5.70619092340017
4667.0,6.469697878674342
4668.0,5.625981849655023
4670.0,6.094010192553813
4683.0,6.407581225883144
4684.0,6.018056276518687
4695.0,6.005404960429106
4701.0,5.796514771936786
4702.0,6.702709558110646
4707.0,5.998178825328206
4708.0,5.681027562529581
4714.0,6.550351464106524
4721.0,6.6456634559396
4731.0,6.550351464106524
4733.0,6.72219843582187
4741.0,6.411322636460819
4742.0,6.909659262545171
4748.0,6.206003526306617
4761.0,6.5320090364116625
4772.0,6.677792118849272
4776.0,6.232714313366352
4789.0,6.57667855804771
4794.0,6.424818278449474
4799.0,6.628379672833455
4808.0,6.437222930617439
4828.0,6.640654733414663
4854.0,5.6995718510189235
4863.0,5.668658731733473
4871.0,6.343849784068546
4872.0,6.699637094538191
4882.0,5.803811101080615
4884.0,6.550801321926483
4885.0,6.545077470487852
4901.0,6.3546861137465145
4918.0,6.387544169761676
4928.0,6.511903994705968
4968.0,6.39388073618983
4978.0,5.2786782797312
4980.0,6.6650411469972495
4983.0,5.922960368294104
4985.0,6.810256793263288
4989.0,6.614883936709473
5010.0,6.287355427480271
5015.0,5.735889711049083
5021.0,6.3552112850534925
5037.0,5.646221696128203
5045.0,5.819124431607687
5046.0,6.148883399671303
5057.0,6.248032855577986
5061.0,6.820470211672617
5071.0,5.992924841847334
5098.0,6.572097935576406
5140.0,6.615198994298147
5146.0,5.655776943390681
5152.0,6.210609498216867
5162.0,5.809731911154459
5167.0,6.400984260838998
5193.0,6.465913788300863
5243.0,6.283371865990501
5252.0,5.725572120524879
5270.0,6.538603435950254
5276.0,6.006749669325413
5277.0,5.578910293186516
5290.0,6.121610750104798
5322.0,6.348266554641274
5324.0,5.839972193253033
5328.0,5.5061798942274045
5357.0,5.639089395978804
5362.0,6.099159216795512
5363.0,6.554893234291257
5389.0,5.737320907168196
5393.0,5.942499270482507
5395.0,6.136827334809299
5399.0,5.509560940017519
5401.0,5.88523586287776
5407.0,5.365994878402824
5442.0,7.021777826101625
5444.0,5.738730139823701
5448.0,5.83835919794264
5452.0,6.37585631235633
5453.0,6.757107844813234
5461.0,5.658626626837622
5464.0,6.915432873305924
5469.0,6.595792765290499
5478.0,6.09215033133594
5493.0,6.099515263411355
5495.0,5.885566534174216
5510.0,6.784281013216649
5520.0,5.9587433831217
5525.0,6.13927960009331
5527.0,5.6094890192169995
5532.0,6.173168006175247
5535.0,5.74871904788513
5543.0,6.234618000051158
5548.0,5.990769652520426
5560.0,5.906557523550669
5562.0,5.8261511412209535
5563.0,5.814869715528867
5572.0,5.656364162858377
5576.0,6.159443934172534
5586.0,5.531877220285476
5591.0,6.089582555157165
5592.0,6.357936860637589
5614.0,5.213761708783854
5616.0,6.452200155131294
5618.0,5.213761708783854
5624.0,6.722152504719225
5644.0,5.708832418819501
5652.0,5.708832418819501
5669.0,6.017359630095832
5700.0,6.080144599564337
5712.0,6.427878129918111
5724.0,6.255673221500118
5743.0,6.320185475943438
5748.0,6.9013781454115515
5758.0,5.6864465372481465
5767.0,6.544467513694147
5777.0,6.676458299371058
5782.0,6.37532557521893
5791.0,6.149766548648936
5809.0,5.942030879850475
5829.0,5.4554415659564155
5834.0,5.73180050252228
5841.0,6.595791957598966
5855.0,5.585830204078764
5892.0,5.770457514143114
5906.0,6.500792631620594
5912.0,6.014139094450437
5929.0,5.823492903367088
5939.0,5.973851369204116
5951.0,6.070343005384686
5955.0,5.850917145118473
5965.0,6.051510843794263
5968.0,6.425560571930644
5971.0,6.140783194292098
5983.0,5.840011883749092
5993.0,6.505852345069144
5997.0,5.96126336109783
6003.0,5.724641005091586
6014.0,5.768895035051304
6022.0,6.029967243210862
6042.0,5.558122342969458
6051.0,5.983133576869053
6075.0,6.788765290061949
6084.0,5.860977303714558
6099.0,5.912704734952331
6105.0,6.6068601160053575
6116.0,6.008262047934237
6119.0,5.726504576874188
6128.0,5.997081347335448
6132.0,6.4512713292460075
6145.0,6.534038875322163
6168.0,5.632650827294942
6169.0,5.730582337705396
6179.0,6.3113601069437575
6184.0,5.947345262209341
6190.0,5.992677474153453
6197.0,5.951368290172223
6203.0,6.359694013633321
6207.0,5.909869705332865
6212.0,6.218726600639453
6219.0,6.496135669884428
6232.0,5.906704555030668
6239.0,6.746957313978255
6242.0,5.770258181351748
6246.0,6.560401198361626
6263.0,6.2296011354744305
6276.0,6.635956874342746
6283.0,6.011314105269837
6299.0,6.032232255580654
6309.0,6.4127100998332
6327.0,6.351406793370073
6335.0,5.697401567275603
6373.0,5.408569252981422
6379.0,6.161132319083939
6385.0,6.558932668218973
6427.0,6.329007622914772
6446.0,6.999120776292683
6456.0,5.969821529838297
6459.0,6.101617320647745
6465.0,6.371755283469623
6470.0,6.155515013583317
6473.0,5.687485291340288
6488.0,6.175570004465222
6490.0,6.487410981679133
