test_index,y_pred
13.0,8.796614548203818
14.0,8.796614548203818
20.0,6.681319090177137
21.0,11.627184802903889
34.0,7.992787683352045
40.0,9.66984729317166
64.0,3.5360140523004446
87.0,7.009515151953487
91.0,12.427002925961128
95.0,7.868396365189679
98.0,14.360732735405653
121.0,11.747748705122262
130.0,7.776669641054295
134.0,11.833696033916087
161.0,12.696273180497613
166.0,11.475788542393904
187.0,10.70152382594026
189.0,12.563408417055069
200.0,12.850693593724438
201.0,7.063586367754751
205.0,14.030340121615469
206.0,13.324214003345837
216.0,13.190554545438278
230.0,10.702992211705455
241.0,9.452182104931499
252.0,10.047221766297614
269.0,8.755672567804751
276.0,10.37299656842358
288.0,11.921111971450463
295.0,12.008517528222281
315.0,12.877071728051222
330.0,13.043630872599007
337.0,13.876772135989885
343.0,9.47960667710681
378.0,12.271938613629679
379.0,12.865676223396264
385.0,11.63527594701756
387.0,11.035428897334828
391.0,11.987448865992542
392.0,11.986921596421602
397.0,10.22840938507486
401.0,12.399561124912285
406.0,11.447064021060227
418.0,13.550862689086127
455.0,11.921277406227071
459.0,12.221670772452876
466.0,12.575511854991548
474.0,9.991779386939475
484.0,12.091575209961995
492.0,12.956370227508064
502.0,13.819627558558881
508.0,12.015945127815629
510.0,13.199526027063884
520.0,15.023015482764759
562.0,13.565273886083084
563.0,13.572815145392365
564.0,13.049963878082133
565.0,13.049948579095476
592.0,13.367182821586
600.0,13.19956073379834
612.0,13.306292581305268
642.0,13.223889484928039
646.0,12.065001658430393
647.0,12.065001658430393
683.0,10.08997636283705
686.0,14.17083194165454
699.0,11.651763074672703
702.0,12.432888120702014
719.0,13.192055944506746
725.0,11.506395738425462
729.0,13.07751670075336
742.0,9.853557113405143
747.0,10.780807182886527
763.0,13.030010181902203
766.0,13.78865009818604
769.0,11.596341991139798
775.0,12.704335666536082
776.0,11.01448175756244
779.0,13.064311707323382
791.0,11.337764449321071
794.0,11.110418624056479
804.0,13.558778063278933
805.0,13.51607453256361
815.0,12.708364957498677
831.0,13.185710966794984
840.0,13.471562084306086
856.0,13.707579267151473
860.0,12.047774309638058
863.0,11.212688706418666
870.0,13.446868957934486
871.0,11.226611167388304
878.0,13.606790592376571
891.0,12.709964758549432
897.0,11.083139445592394
929.0,14.020718558184964
955.0,12.805359556804593
957.0,13.562328366441218
960.0,12.802838980772952
975.0,14.314092906558745
995.0,13.538388001592882
1016.0,10.643856660326346
1017.0,11.558808291520265
1020.0,13.488102660681161
1021.0,13.502419708021595
1025.0,12.073563210498758
1028.0,13.14646949076764
1038.0,12.155186223612759
1044.0,11.641774101549007
1051.0,10.661022278475505
1056.0,13.176929009584265
1064.0,13.565185467404655
1071.0,12.707265852509778
1076.0,12.740120267169681
1082.0,14.041758113560096
1086.0,13.704423177718585
1095.0,12.787054829055911
1104.0,11.811626215605123
1123.0,13.380531594572506
1126.0,14.021813161155885
1129.0,13.58140429117898
1130.0,12.04252749718226
1152.0,13.959786997504937
1154.0,14.133939632021335
1162.0,14.813345154727477
1180.0,13.978250804573236
1184.0,12.478669080703035
1215.0,13.453860267941055
1238.0,13.808157056868744
1241.0,13.66000817430583
1264.0,12.838947517222119
1267.0,13.750760690161577
1275.0,12.863271414996362
1294.0,15.033952681413318
1297.0,15.141858932930354
1332.0,12.550084268179129
1337.0,11.781970616092849
1363.0,13.088897603213173
1367.0,12.139527840864611
1369.0,14.817138730507686
1390.0,13.090230442020045
1396.0,10.076598460493377
1411.0,10.194266954723162
1413.0,13.104960384780709
1430.0,10.784044849265973
1437.0,14.322885508137617
1451.0,14.569522596139533
1459.0,14.698806585565796
1478.0,10.054488536190165
1482.0,13.143401338646424
1484.0,14.189313536995659
1485.0,14.197934128630258
1495.0,14.067836452744586
1499.0,13.7456368439757
1500.0,13.411203296614019
1508.0,10.25656772676677
1513.0,12.916907380933033
1515.0,12.270651069835724
1522.0,13.838894355485426
1528.0,14.831209407630006
1570.0,13.967925360983362
1579.0,13.993546767055184
1584.0,12.651526674099689
1585.0,13.844199999351332
1589.0,13.984650307476292
1590.0,13.984650307476292
1631.0,14.66672563982778
1638.0,13.446865705843264
1685.0,13.290444882354949
1687.0,13.448730962333476
1702.0,14.745783346796937
1711.0,12.938083197429673
1724.0,12.814415967980183
1728.0,14.046009880141376
