test_index,y_pred
9.0,4.7499999999999964
11.0,4.7499999999999964
28.0,5.297000000000001
36.0,6.307000000000009
38.0,5.136999999999996
57.0,5.947
61.0,6.144999999999999
62.0,6.321999999999999
75.0,6.063000000000003
79.0,7.069999999999997
89.0,6.583999999999999
90.0,6.303999999999999
104.0,6.902999999999995
108.0,7.296999999999996
114.0,6.102
133.0,7.893999999999998
145.0,7.1019999999999985
169.0,8.234000000000004
172.0,7.536999999999997
176.0,7.5559999999999965
191.0,7.820999999999993
223.0,8.382999999999996
234.0,8.633
255.0,7.3239999999999945
264.0,8.182999999999998
278.0,8.197000000000003
284.0,8.718
338.0,9.108000000000006
347.0,8.515999999999998
357.0,8.303
372.0,8.771999999999998
373.0,9.209
386.0,8.256999999999994
389.0,9.669999999999996
395.0,10.017999999999999
396.0,8.239000000000003
412.0,9.095000000000006
417.0,10.012
444.0,9.762999999999998
449.0,8.954999999999998
454.0,8.688999999999998
456.0,9.107000000000005
460.0,9.248999999999995
475.0,9.769
491.0,10.368000000000006
498.0,11.357183570171944
499.0,9.2
501.0,9.070999999999996
504.0,10.162000000000004
539.0,10.508
568.0,8.987999999999992
587.0,9.548000000000002
595.0,9.556000000000003
604.0,10.059999999999999
616.0,10.323000000000011
652.0,11.273
657.0,11.127000000000002
662.0,11.589000000000006
667.0,10.009000000000006
671.0,10.090999999999994
675.0,10.558000000000002
688.0,10.437000000000001
690.0,10.599
697.0,11.216
708.0,10.434999999999995
713.0,10.712000000000005
717.0,10.901000000000005
728.0,11.561
731.0,11.078000000000005
732.0,10.746000000000004
734.0,9.15
735.0,10.995000000000005
738.0,10.626999999999988
739.0,11.910000000000002
750.0,10.687999999999994
753.0,10.259999999999993
760.0,11.741000000000003
783.0,11.304183570171942
814.0,10.807999999999998
823.0,11.155999999999997
825.0,10.787000000000008
826.0,11.381999999999996
828.0,10.489000000000003
848.0,10.838999999999999
850.0,10.806000000000001
852.0,11.98900000000001
868.0,11.755999999999998
872.0,11.511000000000015
875.0,12.244000000000005
882.0,11.582999999999988
884.0,10.780999999999997
885.0,11.443999999999996
890.0,11.333999999999996
894.0,10.237999999999998
908.0,10.803000000000004
912.0,11.740000000000007
919.0,11.826
924.0,11.707
933.0,12.31
934.0,12.592000000000002
945.0,10.809999999999997
947.0,11.135000000000005
953.0,11.627999999999995
958.0,11.854999999999997
967.0,11.814000000000012
969.0,12.802999999999997
970.0,12.149000000000017
977.0,13.004000000000005
1024.0,11.871000000000008
1031.0,11.763000000000007
1032.0,11.754000000000001
1035.0,10.805
1042.0,11.146000000000004
1048.0,11.810000000000004
1065.0,13.82492669190796
1066.0,13.011000000000003
1073.0,11.327999999999998
1093.0,12.153000000000002
1097.0,11.753000000000002
1098.0,11.604999999999997
1102.0,12.743
1103.0,15.929469032136158
1116.0,10.628999999999996
1125.0,12.751999999999999
1164.0,13.134735051357096
1165.0,13.134735051357096
1175.0,12.561000000000003
1182.0,12.875999999999976
1187.0,12.705999999999992
1190.0,12.565696378522174
1191.0,13.442515058180561
1201.0,11.402000000000001
1205.0,12.071999999999996
1208.0,13.115
1225.0,12.585999999999997
1246.0,13.790999999999997
1269.0,15.072501671223465
1270.0,12.624000000000006
1284.0,12.621000000000004
1287.0,12.673999999999994
1288.0,15.838630820369035
1315.0,13.953999999999992
1318.0,15.663259390126758
1319.0,12.443999999999999
1320.0,12.443999999999999
1326.0,12.984000000000002
1335.0,13.091000000000003
1362.0,13.915273006355592
1387.0,14.306333333333335
1429.0,15.104599076797466
1461.0,13.837999999999997
1469.0,14.795315148123095
1489.0,13.96129699906349
1505.0,15.597504725450666
1511.0,14.002000000000004
1525.0,15.56230358648511
1536.0,16.32321957729312
1561.0,13.460000000000003
1562.0,14.666110046784254
1572.0,14.882727234201816
1578.0,14.682706074425296
1597.0,17.454234225592657
1622.0,16.382263364471065
1632.0,16.663831221471852
1647.0,16.74436160396168
1649.0,17.21370546669779
1653.0,16.850779251439395
1654.0,16.89883131142739
1656.0,16.190939291366238
1672.0,18.251929062662725
1689.0,18.566566391885853
1690.0,17.56342945001261
1727.0,24.767850899663376
