test_index,y_pred
7.0,-0.7134320925340603
9.0,-0.7003631960670809
39.0,-0.649425568598816
42.0,-0.5608994049349774
49.0,-0.6044309329062456
64.0,-0.4951751788616786
77.0,-0.8591560271645367
83.0,-0.6847594432812075
85.0,-0.5975000891109661
103.0,-0.6882937516206333
111.0,-0.622378884012595
127.0,-0.7803004109436248
139.0,-0.5732840150293411
152.0,-0.6607628877576539
153.0,-0.6835274842020471
166.0,-0.5032264067227212
174.0,-0.6270191827054827
180.0,-0.5274168173175763
186.0,-0.5999276395113882
191.0,-0.6808209642918619
205.0,-0.6853479280412808
207.0,-0.5403058104174336
211.0,-0.6809413474855592
212.0,-0.5943003705660106
214.0,-0.5813651644556208
220.0,-0.6139585032440602
253.0,-0.17643872743679428
261.0,-0.4275715269267142
270.0,-0.3160239867997495
271.0,-0.3297144822851587
273.0,-0.4707983334910894
278.0,-0.514920921422022
289.0,-0.6569517897632758
305.0,-0.6754331190353664
309.0,-0.4456330611130734
312.0,-0.777841246821717
314.0,-0.6675278201494171
326.0,-0.5969770031880343
341.0,-0.6858505676719873
348.0,-0.6816216206751177
356.0,-0.5658242826285981
360.0,-0.7438350876208023
368.0,-0.7666716555736939
383.0,-0.9592129337673155
389.0,-0.789530712417742
404.0,-0.5317092423003074
406.0,-0.8421833081832386
424.0,-0.6571769483289891
450.0,-0.8538679032009243
451.0,-0.8151725686915544
461.0,-0.7998706015945812
463.0,-0.7414907286226636
474.0,-0.7587390205473705
492.0,-0.8743315234768744
494.0,-0.6440480156705766
495.0,-0.915475479155846
499.0,-0.9012753443325007
508.0,-0.7148898429305067
516.0,-0.4041989441127704
517.0,-0.39291907542740045
520.0,-0.43610605134588043
524.0,-0.37293106306893087
551.0,-0.3185671452809862
560.0,-0.43750181020187606
568.0,-0.4806250127118414
579.0,-0.5794841655773635
580.0,-0.4748184241581246
594.0,-0.5431923188872991
600.0,-0.47991824568418584
614.0,-0.5229837058263944
618.0,-0.4934001551585291
619.0,-0.4587637291750884
650.0,-0.445410966607419
658.0,-0.5210145336652949
660.0,-0.4878023207338211
666.0,-0.4976170289688694
673.0,-0.4785622171968935
680.0,-0.5831688811504614
684.0,-0.5152977289382641
692.0,-0.5913154911921719
699.0,-0.5347680679118323
708.0,-0.5294108788462808
725.0,-0.4261573411105243
758.0,-0.45122972946557294
759.0,-0.4900872303485576
762.0,-0.45073181658148015
777.0,-0.47896689813363624
824.0,-0.5168613318777571
843.0,-0.5005412928940183
850.0,-0.470854060828545
860.0,-0.4583761038015215
862.0,-0.3829415562145361
868.0,-0.5968396355361755
869.0,-0.6181707388166263
871.0,-0.5590452409584372
873.0,-0.6708661188321766
885.0,-0.4845738348238421
887.0,-0.49281949712331113
890.0,-0.5994810703721101
894.0,-0.5081558569436876
901.0,-0.41038992479914793
943.0,-0.4221652259928407
992.0,-0.6645210508582237
993.0,-0.5508307497724851
999.0,-0.5795283041720065
1062.0,-0.6246259948496938
1099.0,-0.5099636789771861
1105.0,-0.46325033008723493
1116.0,-0.5845268428234347
1135.0,-0.6822058270602674
1145.0,-0.43213830410204485
1151.0,-0.40272083570734074
1162.0,-0.7072415702860712
1164.0,-0.7347963766163674
1191.0,-0.4179063721169385
1214.0,-0.3976241123578538
1216.0,-0.49531103075231203
1233.0,-0.30353983169270793
1270.0,-0.30998346785483494
1275.0,-0.6138310491695351
1283.0,-0.400983806634337
1293.0,-0.35313087772344504
1296.0,-0.3319079836176121
1331.0,-0.39678250889110683
1341.0,-0.34707413665839687
1348.0,-0.3170147970760439
1349.0,-0.36244365578899396
1355.0,-0.34887501274360544
1363.0,-0.3149803626143465
1390.0,-0.5321380076934876
1391.0,-0.47215183613637246
1413.0,-0.5782610296109498
1422.0,-0.6004334503145164
1424.0,-0.7051626621753592
1427.0,-0.5169550022880323
1434.0,-0.6182611022437751
1435.0,-0.4988830785844506
1473.0,-0.536938872709362
1476.0,-0.4348228425628771
1481.0,-0.5585217375026564
1491.0,-0.5542248982744322
1506.0,-0.476067743757371
1534.0,-0.49412788331413643
1537.0,-0.5731239613806535
1538.0,-0.4345987278509302
1541.0,-0.5832972481751335
1546.0,-0.4595276857152456
1549.0,-0.5548996190463779
1567.0,-0.43497089408294104
1581.0,-0.42518303384314304
1583.0,-0.24536340637849285
1597.0,-0.37958006688979007
1603.0,-0.4259648617579611
1624.0,-0.34297399702983383
1626.0,-0.6475313850633583
1636.0,-0.4846540027108096
1638.0,-0.4476275294591236
1658.0,-0.4122860094442604
1661.0,-0.4829202973803485
1676.0,-0.5764277751126015
1691.0,-0.3875468985353788
1692.0,-0.5278142358360455
1696.0,-0.49580371789746847
1752.0,-0.6809018973172956
1757.0,-0.6574436289466314
1787.0,-0.579084422515685
1792.0,-0.696318461071224
1822.0,-0.577493709580289
1824.0,-0.6209506419249017
1826.0,-0.5866423410798094
1834.0,-0.5983785653946283
1838.0,-0.5611595948617399
1849.0,-0.46748068806271553
1877.0,-1.0188499026727693
1890.0,-0.9158529597345302
1903.0,-0.6579611386514663
1907.0,-0.6690754822408685
1913.0,-0.6846657661933326
1914.0,-0.7794359465897754
1920.0,-0.7002142423678398
1923.0,-0.641031830638763
1924.0,-0.8850264012674156
1937.0,-0.7111566827892204
1947.0,-0.8688751589789853
1957.0,-0.3076640901698327
1987.0,-0.3501200613647285
1988.0,-0.33019320965451415
1991.0,-0.3708912316236551
2001.0,-0.3296965968281601
2003.0,-0.33373833918538526
2006.0,-0.5473540483372356
2012.0,-0.675676309002449
2019.0,-0.5911380364497776
2038.0,-0.5840857162491006
2050.0,-0.607669314184118
2062.0,-0.5571556289764963
2079.0,-0.5227961941018107
2097.0,-0.7010123045407143
2121.0,-0.5770960518433133
2145.0,-0.5005796731860759
2146.0,-0.5044061039423027
2161.0,-0.7669850842425767
2165.0,-0.6316196860961524
2176.0,-0.49150231541457057
2179.0,-0.46776127215300906
2201.0,-0.38891564259151223
2209.0,-0.6246811719907196
2212.0,-0.7430003135257681
2218.0,-0.7305757540992935
2230.0,-0.6068122206151971
2232.0,-0.40620232519410127
2236.0,-0.7662598882497391
2240.0,-0.6645280726742214
2246.0,-0.708294262639208
2276.0,-0.5333918642043021
2318.0,-0.5946593189403169
2319.0,-1.0353592618343321
2327.0,-0.37327096790299885
2329.0,-0.4641220481169075
2336.0,-0.39862616839343357
2338.0,-0.3232314719754908
2349.0,-0.3499139936629205
2358.0,-0.22808456863138543
2371.0,-0.20428665078524028
2378.0,-0.20561608947487695
2379.0,-0.3003906380947018
2380.0,-0.3288782201935813
2381.0,-0.3206689970139308
2382.0,-0.15978845691005725
2433.0,-0.6318466370490183
2443.0,-0.7186302243634269
2447.0,-0.7488766508968101
2458.0,-0.6284245799557036
2465.0,-0.8381686905592985
2469.0,-0.6440356363142579
2470.0,-0.6119085950760004
2477.0,-0.6634456269254675
2480.0,-0.667408974608265
2507.0,-0.4442565515083297
2514.0,-0.6437886459674562
2560.0,-0.7101592876930587
2566.0,-0.569349010519242
2572.0,-0.48728540716022983
2576.0,-0.7257118504021198
2581.0,-0.611648293638075
2585.0,-0.7911819776260677
2592.0,-0.8914469418875924
2595.0,-0.7918973963915432
2597.0,-0.7940307865671044
2598.0,-0.7052297816716286
2609.0,-0.8250630058084022
2632.0,-0.44132023404002485
2659.0,-0.7797282499015031
2669.0,-0.633935601385089
2672.0,-0.6694229623808596
2691.0,-0.46187656788292586
2711.0,-0.9085604248292947
2723.0,-0.7605832091684743
2725.0,-0.898354247133517
2727.0,-0.8214443443330582
2763.0,-0.5102366537217277
2765.0,-0.5544342314737319
2789.0,-0.8019858987731634
2793.0,-0.7033288344419149
2805.0,-0.7535852097990331
2816.0,-0.6861346922231931
2822.0,-0.8384937857225812
2823.0,-0.7041027209289006
2829.0,-0.6507424169757879
2835.0,-0.8112325419509444
2841.0,-0.7436723125624154
2860.0,-0.8298931801785866
2864.0,-0.7002434927488734
2879.0,-0.683379347953385
2885.0,-0.6700357815205671
2889.0,-0.718909572191284
2892.0,-0.6748708944114223
2896.0,-0.8749418159824669
2904.0,-0.7828151232252181
2906.0,-0.7768066262051775
2910.0,-0.6910736612196997
2923.0,-0.6016567565129595
2927.0,-0.36076910028531317
2932.0,-0.5134854476981398
2933.0,-0.4687697241433943
2963.0,-0.5287214185990455
2972.0,-0.5769430136244165
2973.0,-0.643880319499625
2974.0,-0.551813712512313
2979.0,-0.7299289572503938
2989.0,-0.7332725428523703
2991.0,-0.5951827701986099
2995.0,-0.7328112555495808
3002.0,-0.56199725441603
3011.0,-0.6778638887105737
3016.0,-0.3759581555431067
3017.0,-0.32568430528431286
3024.0,-0.4063768859057239
3030.0,-0.2753469142572257
3032.0,-0.29899300081607
3043.0,-0.3990555620221595
3049.0,-0.3858160987352214
3051.0,-0.2138322741566518
3065.0,-0.4265686042770884
3074.0,-0.38612905253905366
3076.0,-0.44824982640454414
3079.0,-0.40476478100565244
3093.0,-0.43414543042480913
3095.0,-0.4502623325768786
3106.0,-0.3978841154356984
