test_index,y_pred
4.0,2.1689999999999996
16.0,11.581999999999999
34.0,6.908000000000001
64.0,14.217000000000002
98.0,39.235
114.0,26.301
116.0,30.455000000000002
119.0,39.660000000000004
127.0,11.756000000000002
130.0,14.41
143.0,40.166000000000004
146.0,44.694
154.0,17.012
160.0,28.090999999999998
161.0,30.96
189.0,43.172
190.0,49.57200000000001
197.0,69.77700000000002
200.0,24.268999999999995
202.0,26.204999999999995
206.0,31.675
225.0,28.584999999999997
241.0,65.69800000000001
253.0,1.9080000000000001
262.0,12.385000000000002
301.0,3.7339999999999995
335.0,16.827
337.0,20.628999999999998
379.0,15.189999999999998
391.0,35.605
395.0,49.525000000000006
412.0,38.172999999999995
417.0,46.96900000000001
466.0,66.98400000000001
474.0,92.881
488.0,59.452
492.0,74.32000000000001
502.0,2.072
512.0,11.765000000000002
524.0,24.899
537.0,1.938
559.0,22.189
562.0,25.903000000000002
563.0,27.624000000000002
569.0,34.529999999999994
574.0,3.0550000000000006
580.0,9.293999999999999
595.0,25.553999999999995
600.0,30.799
606.0,38.196000000000005
608.0,39.101
616.0,12.477
623.0,17.323
635.0,33.245999999999995
646.0,48.236000000000004
659.0,22.677
663.0,33.052
675.0,43.91100000000001
698.0,33.036
699.0,35.06
709.0,45.785999999999994
717.0,59.42999999999999
728.0,24.904
732.0,33.815000000000005
740.0,44.155
753.0,73.676
766.0,34.541
769.0,39.075
775.0,58.041
784.0,70.20500000000001
804.0,47.791000000000004
815.0,73.52099999999999
825.0,96.667
830.0,114.09
851.0,89.686
853.0,84.11699999999999
854.0,86.96700000000001
860.0,108.322
863.0,119.92600000000002
870.0,0.6050000000000001
876.0,5.7299999999999995
878.0,8.844999999999999
895.0,31.189
953.0,34.573
954.0,39.52
956.0,39.659000000000006
959.0,40.37400000000001
971.0,14.859
975.0,25.483
980.0,37.136
991.0,52.06300000000001
995.0,10.892000000000001
1012.0,42.118
1015.0,48.95
1016.0,51.1
1021.0,57.141999999999996
1028.0,16.451
1045.0,51.852999999999994
1059.0,25.788
1060.0,27.66700000000001
1062.0,29.965000000000003
1066.0,42.13700000000001
1069.0,49.761
1076.0,74.649
1081.0,78.41600000000001
1082.0,81.24400000000001
1122.0,34.74
1139.0,106.31400000000001
1147.0,128.683
1148.0,132.23999999999998
1150.0,42.212
1154.0,52.775999999999996
1156.0,61.227999999999994
1166.0,100.39099999999999
1167.0,104.197
1184.0,3.5749999999999993
1191.0,11.278000000000002
1218.0,14.774000000000001
1243.0,18.049
1267.0,22.362000000000002
1275.0,41.521
1282.0,12.326000000000002
1291.0,29.250999999999998
1300.0,54.286
1306.0,14.210999999999999
1348.0,54.919000000000004
1363.0,38.903000000000006
1365.0,43.63000000000001
1369.0,52.528
1409.0,46.84400000000001
1445.0,18.276999999999997
1470.0,23.851999999999997
1478.0,39.099000000000004
1484.0,7.9430000000000005
1495.0,29.939000000000004
1500.0,40.039
1516.0,22.297000000000004
1527.0,48.177
1528.0,52.206
1529.0,54.782
1542.0,32.366
1568.0,43.437
1570.0,48.11
1571.0,48.857000000000006
1585.0,27.459999999999997
1597.0,59.697
1625.0,90.239
1631.0,32.339
1635.0,43.17100000000001
1636.0,47.80800000000001
1648.0,91.138
1663.0,60.363
1664.0,64.594
1678.0,130.42299999999997
1679.0,132.39399999999998
1682.0,1.5810000000000002
1685.0,4.048
1686.0,4.461
1687.0,5.955
1693.0,11.344
1696.0,13.607
1707.0,2.915
1715.0,10.475000000000001
1722.0,18.259000000000004
1733.0,4.142
1734.0,5.9079999999999995
1757.0,6.840000000000001
1794.0,23.444
1802.0,44.084
1806.0,11.781000000000002
1816.0,24.582
1819.0,29.665
1841.0,31.657000000000004
1843.0,32.765
1853.0,61.06300000000001
1895.0,54.263999999999996
1899.0,71.393
1930.0,0.536
1931.0,0.8960000000000001
1955.0,2.768
1959.0,6.0489999999999995
1981.0,4.292
1982.0,5.453
1986.0,10.311000000000002
1998.0,28.011000000000003
2027.0,39.55
2038.0,18.752000000000002
2041.0,29.184000000000005
2047.0,41.42100000000001
2049.0,43.581999999999994
2056.0,15.044
2061.0,21.171
2062.0,23.339
2065.0,31.255000000000003
2070.0,40.921
2082.0,20.419
2141.0,51.04100000000001
2143.0,59.017999999999994
2156.0,34.434
2160.0,47.99999999999999
2200.0,28.954
2205.0,3.2689999999999997
2237.0,14.350999999999999
2255.0,7.8
2265.0,22.199
2278.0,52.036
2294.0,34.355000000000004
2300.0,53.504
2326.0,62.50899999999999
2327.0,64.47
2363.0,42.017999999999994
2368.0,54.05000000000001
2385.0,41.745
2391.0,59.488
2427.0,114.74700000000003
2433.0,5.117
2435.0,8.130999999999998
2444.0,21.715999999999998
2454.0,32.0
2455.0,32.385000000000005
2479.0,26.677
2485.0,33.058
2489.0,36.123000000000005
2491.0,38.13699999999999
2502.0,17.296000000000003
2504.0,20.973000000000003
2511.0,32.608
2524.0,10.001
2537.0,28.833999999999996
2539.0,32.394999999999996
2546.0,43.16799999999999
2556.0,12.508
2557.0,12.963
2558.0,13.953
2565.0,30.160000000000004
2568.0,33.894999999999996
2612.0,70.603
2613.0,70.603
2616.0,21.488999999999997
2625.0,37.995
2660.0,54.28000000000001
2675.0,90.76899999999999
2690.0,60.702999999999996
2693.0,74.448
2695.0,80.667
2701.0,98.09200000000001
2729.0,98.251
2731.0,98.97999999999999
2733.0,110.57300000000001
2734.0,114.201
2735.0,115.72900000000001
2738.0,123.046
2744.0,1.5610000000000002
2747.0,3.4939999999999998
2773.0,30.505000000000003
2774.0,31.506999999999998
2777.0,37.303999999999995
2782.0,0.628
2786.0,4.611000000000001
2790.0,5.58
2806.0,21.363999999999997
2808.0,24.068
2811.0,27.853999999999996
2816.0,33.24
2824.0,3.5100000000000002
2838.0,14.797
2839.0,15.564000000000002
2849.0,25.937
2869.0,9.547999999999998
2888.0,25.110000000000003
2896.0,33.313
2901.0,41.032
2904.0,7.813
2911.0,12.963
2914.0,15.223000000000003
2919.0,17.337
2931.0,33.992
2938.0,45.007
2950.0,14.294
2959.0,21.589
2961.0,23.478
2967.0,29.892999999999994
2975.0,44.246
2976.0,44.748000000000005
2982.0,52.837
2993.0,21.409
2999.0,27.919
3005.0,36.09499999999999
3009.0,41.858
3051.0,58.678
3059.0,77.822
3060.0,79.989
3067.0,100.05200000000002
3069.0,24.915
3073.0,28.816000000000003
3087.0,53.779999999999994
3092.0,65.08700000000002
3099.0,85.64099999999999
3104.0,105.05700000000002
3108.0,115.00399999999999
3118.0,39.355
3120.0,41.48199999999999
3124.0,48.556
3140.0,100.518
3146.0,124.131
3147.0,129.863
3152.0,0.8930000000000001
3157.0,5.898000000000001
3170.0,21.526999999999997
3171.0,21.912
3175.0,25.820999999999998
3183.0,34.888
3191.0,1.3399999999999999
3202.0,11.443000000000001
3219.0,29.858999999999998
3222.0,34.55799999999999
3234.0,4.64
3242.0,11.815
3251.0,22.229
3255.0,29.375
3261.0,34.388999999999996
3267.0,40.654999999999994
3272.0,47.027
3294.0,27.997999999999998
3301.0,39.491
3302.0,40.862
3304.0,44.84
3314.0,8.611999999999998
3324.0,20.541
3327.0,24.369999999999997
3342.0,44.974000000000004
3343.0,48.65500000000001
3348.0,56.842
3354.0,59.19899999999999
3356.0,14.814999999999998
3369.0,30.927999999999997
3373.0,35.36
3385.0,64.862
3394.0,78.856
3397.0,20.117
3420.0,55.282999999999994
3436.0,94.41500000000002
3440.0,24.619999999999997
3444.0,34.867000000000004
3445.0,35.333
3446.0,37.763999999999996
3457.0,62.198
3461.0,74.542
3465.0,83.72500000000001
3474.0,110.87
3498.0,72.51500000000001
3506.0,94.836
3510.0,108.66199999999999
3546.0,107.79
3556.0,146.47200000000004
3561.0,1.036
3577.0,21.824999999999996
3581.0,26.419999999999998
3582.0,28.988999999999997
3627.0,32.667
3636.0,48.44
3643.0,5.101000000000001
3645.0,7.464
3672.0,41.78699999999999
3675.0,46.987
3696.0,22.983
3723.0,58.55800000000001
3730.0,19.723999999999997
3736.0,28.708
3743.0,40.480000000000004
3746.0,44.276
3748.0,46.184999999999995
3763.0,70.552
3766.0,17.011999999999997
3769.0,22.248
3772.0,25.069999999999997
3777.0,33.312
3791.0,60.59599999999999
3798.0,78.208
3840.0,99.40299999999999
3843.0,104.37899999999998
3847.0,29.685000000000002
3851.0,37.444
3854.0,46.845000000000006
3863.0,68.16799999999999
3884.0,140.54999999999998
3890.0,35.482
3913.0,114.20899999999999
3923.0,157.24899999999997
3943.0,77.72999999999999
3952.0,119.73899999999999
3969.0,211.30200000000005
3974.0,4.260000000000001
3987.0,25.031
3991.0,29.490999999999996
3993.0,30.530999999999995
4000.0,40.354
4014.0,11.67
4029.0,32.63
4045.0,4.593
4057.0,23.219
4061.0,30.022000000000002
4067.0,38.191
4070.0,42.511
4079.0,59.334999999999994
4090.0,19.238000000000003
4097.0,32.731
4107.0,49.538
4115.0,66.172
4117.0,68.25099999999999
4131.0,30.924
4132.0,31.724
4142.0,54.794999999999995
4146.0,64.009
4171.0,45.32099999999999
4185.0,79.428
4191.0,97.54
4199.0,37.290000000000006
4218.0,84.69800000000001
4249.0,82.56899999999999
4276.0,67.288
4282.0,86.04099999999998
4297.0,139.647
4330.0,143.93800000000002
4341.0,0.645
4360.0,33.263999999999996
4364.0,40.575
4380.0,72.728
4389.0,16.406
4413.0,57.03099999999999
4426.0,12.102
4433.0,23.577999999999996
4452.0,57.23100000000001
4465.0,23.433999999999997
4474.0,27.512
4488.0,56.778999999999996
4491.0,60.666
4492.0,61.053999999999995
4493.0,61.053999999999995
4495.0,67.23199999999999
4496.0,74.00800000000001
4499.0,80.32400000000001
4514.0,37.998999999999995
4548.0,36.946999999999996
4551.0,40.656
4555.0,42.263999999999996
4565.0,67.24600000000001
4583.0,126.751
4592.0,50.14900000000001
4598.0,58.159000000000006
4611.0,99.10299999999998
4636.0,61.51500000000001
4642.0,78.75
4646.0,97.88799999999998
4658.0,157.675
4659.0,169.66000000000003
4682.0,96.404
4721.0,8.949
4723.0,9.200999999999999
4729.0,13.807999999999998
4735.0,19.676
4736.0,21.695
4737.0,23.203999999999997
4744.0,29.033999999999992
4752.0,1.2680000000000002
4754.0,2.5890000000000004
4777.0,21.548000000000002
4779.0,23.797000000000004
4780.0,24.808999999999997
4798.0,6.208
4799.0,7.15
4843.0,11.314999999999998
4846.0,13.558999999999997
4859.0,25.126
4869.0,37.37199999999999
4875.0,8.337
4887.0,16.327999999999996
4891.0,20.639999999999997
4893.0,22.375
4911.0,45.08199999999999
4929.0,20.55
4931.0,24.152000000000005
4933.0,26.246999999999996
4946.0,42.373000000000005
4968.0,24.362000000000002
4973.0,31.287
4976.0,33.575
4980.0,41.760000000000005
4992.0,62.08600000000001
5016.0,46.99400000000001
5051.0,35.239999999999995
5052.0,36.025999999999996
5053.0,42.766999999999996
5056.0,49.708999999999996
5068.0,74.325
5073.0,87.315
5088.0,36.24699999999999
5092.0,45.274
5104.0,71.73400000000001
5116.0,113.952
5134.0,17.627000000000002
5147.0,28.619000000000007
5161.0,8.484000000000002
5172.0,19.476
5173.0,18.453999999999997
5177.0,22.689999999999998
5188.0,34.25099999999999
5191.0,35.837
5211.0,23.335999999999995
5215.0,26.585
5222.0,35.400999999999996
5225.0,38.153000000000006
5226.0,39.18400000000001
5232.0,5.741999999999999
5237.0,13.754000000000001
5248.0,27.947000000000003
5249.0,27.738999999999997
5254.0,32.712
5258.0,39.881
5276.0,18.101999999999997
5279.0,23.45
5287.0,32.562
5293.0,42.23100000000001
5305.0,12.596
5308.0,19.385
5311.0,21.101
5315.0,28.155
5323.0,41.34499999999999
5334.0,59.012
5353.0,35.879
5387.0,39.322
5390.0,53.07099999999999
5392.0,59.188
5393.0,60.812
5408.0,83.772
5423.0,45.318999999999996
5442.0,92.23700000000001
5450.0,113.056
5463.0,70.765
5486.0,128.219
5496.0,12.239
5504.0,21.285
5511.0,31.711000000000002
5512.0,31.944
5530.0,7.269
5534.0,13.463999999999999
5535.0,15.557999999999998
5536.0,15.795000000000002
5539.0,18.53
5575.0,19.751
5578.0,25.494999999999997
5581.0,31.383
5588.0,38.331
5592.0,43.501000000000005
5596.0,50.205
5600.0,7.3690000000000015
5611.0,22.644
5616.0,32.388999999999996
5618.0,37.025999999999996
5625.0,46.26499999999999
5630.0,50.22699999999999
5644.0,21.544
5675.0,14.855999999999998
5685.0,34.043
5691.0,45.818
5699.0,65.41799999999998
5726.0,51.26800000000001
5727.0,53.376999999999995
5730.0,70.78200000000001
5731.0,71.36
5732.0,71.654
5734.0,74.81899999999999
5739.0,81.75099999999999
5745.0,104.949
5757.0,46.904
5759.0,55.509
5772.0,90.71799999999999
5791.0,48.402
5794.0,58.879
5800.0,77.14
5801.0,79.499
5847.0,134.34
5854.0,169.924
5855.0,172.018
5864.0,10.349
5869.0,17.764000000000003
5877.0,29.14100000000001
5878.0,32.354000000000006
5881.0,37.353
5883.0,40.691
5892.0,57.593999999999994
5895.0,57.52
5906.0,18.607999999999997
5915.0,31.920000000000005
5917.0,36.036
5919.0,39.63799999999999
5949.0,29.303000000000004
5959.0,49.075
5977.0,18.496999999999996
5980.0,21.75
5986.0,34.101
5988.0,40.167
5991.0,41.766000000000005
5999.0,60.958000000000006
6002.0,66.251
6015.0,25.858999999999998
6019.0,35.931
6051.0,30.165
6065.0,65.17300000000002
6070.0,81.455
6102.0,82.876
6164.0,69.649
6170.0,95.96100000000001
6181.0,143.09799999999998
6184.0,160.56400000000002
6197.0,76.19899999999998
6205.0,101.7
6231.0,1.4789999999999999
6235.0,3.875000000000001
6242.0,8.370999999999999
6265.0,13.556999999999999
6278.0,11.776
6287.0,1.1700000000000002
6293.0,5.553999999999999
6294.0,7.297
6295.0,10.406
6303.0,21.901
6310.0,6.8180000000000005
6313.0,9.159
6320.0,17.516
6331.0,13.109
6335.0,20.266
6349.0,13.636
6360.0,30.548999999999996
6363.0,10.289000000000001
6373.0,24.364
6374.0,26.325
6390.0,28.782999999999998
6396.0,37.519999999999996
6397.0,37.19
6401.0,0.414
6407.0,2.9619999999999993
6413.0,5.843000000000001
6420.0,8.08
6427.0,11.628
6432.0,13.34
6439.0,1.0080000000000002
6448.0,5.031000000000001
6457.0,8.598
6484.0,5.7509999999999994
6489.0,7.412999999999999
6528.0,10.760000000000002
6541.0,17.300000000000004
6545.0,21.086000000000002
6546.0,21.778000000000002
6585.0,4.969
6588.0,5.388999999999999
6614.0,20.682
6616.0,22.903
6617.0,23.954
6628.0,9.612000000000004
6640.0,17.449
6655.0,35.613
6665.0,11.887000000000004
6668.0,14.518
6694.0,40.098
6700.0,15.231
6709.0,20.191000000000003
6713.0,25.439
6736.0,15.044999999999998
6742.0,19.848999999999997
6748.0,28.427
6756.0,39.11300000000001
6776.0,9.201000000000002
6783.0,17.430000000000003
6799.0,19.672999999999995
6823.0,19.134999999999998
6848.0,16.662999999999993
6850.0,21.814
6854.0,30.326
6863.0,21.787000000000006
6873.0,49.89399999999999
6892.0,29.360000000000003
6893.0,31.23
6895.0,37.532999999999994
6905.0,0.7389999999999999
6910.0,7.31
6938.0,7.388000000000001
6944.0,16.977999999999998
6949.0,27.691000000000003
6959.0,20.82
6975.0,28.611
6980.0,12.222999999999997
6988.0,28.219
7002.0,33.407
7034.0,52.326999999999984
7035.0,59.84900000000001
7040.0,0.868
7041.0,2.23
7059.0,25.114
7060.0,0.7240000000000001
7065.0,7.255
7073.0,18.579
7098.0,34.517999999999994
7099.0,36.470000000000006
7101.0,5.808000000000001
7102.0,8.317000000000002
7115.0,33.814
7121.0,7.63
7124.0,14.75
7148.0,28.811
7161.0,17.913999999999998
7178.0,63.074
7188.0,42.445
7208.0,49.94699999999999
7209.0,52.326999999999984
7215.0,73.281
7218.0,86.20599999999999
7230.0,14.053
7233.0,18.117
7246.0,9.252
7253.0,18.669999999999998
7270.0,19.811
7274.0,27.973000000000003
7289.0,21.261999999999997
7297.0,35.743
7302.0,12.120999999999999
7305.0,16.756999999999998
7314.0,36.658
7322.0,15.877999999999997
7325.0,20.500999999999998
7326.0,24.528000000000002
7330.0,34.485
7332.0,38.2
7371.0,50.46
7372.0,54.669
7375.0,65.32699999999998
7383.0,29.667
7385.0,36.312
7389.0,51.765
