test_index,y_pred
4.0,2.742
16.0,15.544
34.0,7.977000000000001
64.0,17.262999999999998
98.0,40.992000000000004
114.0,26.502
116.0,30.302999999999997
119.0,38.087
127.0,12.161
130.0,14.963
143.0,39.620000000000005
146.0,47.39200000000001
154.0,17.324999999999996
160.0,26.785000000000004
161.0,31.817
189.0,42.004
190.0,44.495999999999995
197.0,68.42399999999999
200.0,22.809999999999995
202.0,24.631999999999998
206.0,30.464
225.0,25.775
241.0,64.876
253.0,2.287
262.0,11.260000000000002
301.0,4.153999999999999
335.0,15.203000000000003
337.0,18.612999999999996
379.0,14.925999999999998
391.0,37.523999999999994
395.0,47.653999999999996
412.0,36.876999999999995
417.0,50.02
466.0,64.01
474.0,91.554
488.0,58.694
492.0,73.66100000000002
502.0,1.8200000000000003
512.0,11.736
524.0,24.501
537.0,1.599
559.0,23.000999999999998
562.0,25.667999999999996
563.0,26.690000000000005
569.0,34.359
574.0,3.5519999999999996
580.0,8.977
595.0,24.951
600.0,31.072000000000003
606.0,37.33200000000001
608.0,39.775
616.0,10.905
623.0,18.582
635.0,33.104
646.0,48.785
659.0,20.746999999999996
663.0,28.825
675.0,47.178
698.0,32.919999999999995
699.0,35.006
709.0,47.644999999999996
717.0,63.041
728.0,25.970999999999997
732.0,33.187
740.0,45.723
753.0,73.78900000000002
766.0,33.884
769.0,42.03000000000001
775.0,51.963999999999984
784.0,72.77000000000001
804.0,45.86599999999999
815.0,72.076
825.0,98.058
830.0,114.51200000000001
851.0,79.80300000000001
853.0,85.74099999999999
854.0,90.655
860.0,108.566
863.0,121.34200000000001
870.0,1.4970000000000003
876.0,7.015000000000001
878.0,9.254999999999999
895.0,29.615999999999996
953.0,33.984
954.0,35.969
956.0,39.026
959.0,41.96000000000001
971.0,17.686
975.0,24.503000000000004
980.0,35.521
991.0,53.928
995.0,12.196000000000003
1012.0,44.135000000000005
1015.0,49.415
1016.0,51.83599999999999
1021.0,60.81299999999999
1028.0,17.645000000000003
1045.0,56.489
1059.0,24.134
1060.0,25.056
1062.0,33.87400000000001
1066.0,41.265
1069.0,49.402
1076.0,67.981
1081.0,81.87900000000002
1082.0,84.75600000000003
1122.0,43.645
1139.0,103.397
1147.0,126.31300000000002
1148.0,124.775
1150.0,46.336000000000006
1154.0,53.065
1156.0,58.818
1166.0,97.54699999999998
1167.0,99.59599999999998
1184.0,3.643
1191.0,11.859000000000002
1218.0,16.078
1243.0,20.732999999999997
1267.0,22.412000000000003
1275.0,42.473
1282.0,10.675
1291.0,26.975
1300.0,53.220000000000006
1306.0,13.608
1348.0,62.288
1363.0,37.885000000000005
1365.0,46.43900000000001
1369.0,56.155999999999985
1409.0,48.21
1445.0,19.275
1470.0,22.687
1478.0,41.819
1484.0,8.167
1495.0,27.464
1500.0,39.144999999999996
1516.0,23.857000000000003
1527.0,51.986000000000004
1528.0,51.218
1529.0,55.928
1542.0,30.259999999999998
1568.0,41.492
1570.0,45.995
1571.0,48.349000000000004
1585.0,27.45
1597.0,65.25399999999999
1625.0,86.04799999999999
1631.0,32.994
1635.0,44.155
1636.0,45.995999999999995
1648.0,93.754
1663.0,62.186
1664.0,66.646
1678.0,132.60099999999997
1679.0,133.19199999999995
1682.0,1.4709999999999996
1685.0,3.714
1686.0,4.001
1687.0,5.066999999999998
1693.0,10.291999999999998
1696.0,14.371
1707.0,2.923
1715.0,8.791
1722.0,18.532
1733.0,5.369999999999999
1734.0,6.5329999999999995
1757.0,6.83
1794.0,25.865
1802.0,43.499
1806.0,11.355
1816.0,25.0
1819.0,30.690999999999995
1841.0,31.053999999999995
1843.0,35.48299999999999
1853.0,63.66999999999998
1895.0,55.8
1899.0,68.938
1930.0,0.548
1931.0,1.1789999999999998
1955.0,2.0799999999999996
1959.0,5.2459999999999996
1981.0,4.6259999999999994
1982.0,5.635999999999999
1986.0,9.283999999999999
1998.0,28.53
2027.0,43.285000000000004
2038.0,19.9
2041.0,23.811
2047.0,40.861
2049.0,44.98
2056.0,12.706
2061.0,20.766
2062.0,23.223
2065.0,26.913999999999998
2070.0,37.861000000000004
2082.0,18.844
2141.0,51.178
2143.0,59.174
2156.0,31.202999999999996
2160.0,45.054
2200.0,27.751000000000005
2205.0,2.3759999999999994
2237.0,12.763000000000002
2255.0,8.401
2265.0,20.549
2278.0,50.102000000000004
2294.0,35.387
2300.0,52.025
2326.0,61.71600000000001
2327.0,66.578
2363.0,43.355000000000004
2368.0,58.879000000000005
2385.0,43.202999999999996
2391.0,58.339
2427.0,116.10900000000001
2433.0,6.638000000000001
2435.0,9.849
2444.0,21.034999999999997
2454.0,32.318000000000005
2455.0,32.934000000000005
2479.0,26.07
2485.0,32.778999999999996
2489.0,35.261
2491.0,37.784000000000006
2502.0,17.397000000000002
2504.0,21.404
2511.0,31.923000000000002
2524.0,10.290000000000001
2537.0,29.265000000000004
2539.0,33.23800000000001
2546.0,44.412
2556.0,13.651000000000002
2557.0,13.844
2558.0,15.895999999999997
2565.0,29.083
2568.0,34.952
2612.0,63.297000000000004
2613.0,67.877
2616.0,19.799
2625.0,36.842999999999996
2660.0,55.81
2675.0,92.01399999999998
2690.0,60.830999999999996
2693.0,68.357
2695.0,82.45000000000002
2701.0,91.48
2729.0,97.69500000000002
2731.0,101.46700000000001
2733.0,113.09200000000001
2734.0,113.09200000000001
2735.0,116.617
2738.0,125.04
2744.0,-0.308
2747.0,1.4300000000000002
2773.0,30.319
2774.0,31.639
2777.0,37.349000000000004
2782.0,0.33999999999999997
2786.0,3.1870000000000003
2790.0,6.336000000000001
2806.0,21.433
2808.0,23.203
2811.0,26.541000000000004
2816.0,33.196000000000005
2824.0,4.126
2838.0,12.979
2839.0,15.034
2849.0,23.98
2869.0,8.993
2888.0,24.532
2896.0,33.059999999999995
2901.0,40.028999999999996
2904.0,7.928999999999999
2911.0,13.806999999999999
2914.0,14.386000000000001
2919.0,20.160000000000004
2931.0,32.282000000000004
2938.0,42.318999999999996
2950.0,14.553
2959.0,21.44
2961.0,23.519
2967.0,31.247999999999998
2975.0,42.09
2976.0,42.906000000000006
2982.0,57.080999999999996
2993.0,20.519
2999.0,24.922
3005.0,33.407000000000004
3009.0,41.019
3051.0,56.479000000000006
3059.0,75.622
3060.0,77.69500000000001
3067.0,100.16700000000002
3069.0,22.002999999999997
3073.0,26.814999999999998
3087.0,53.708000000000006
3092.0,64.181
3099.0,84.227
3104.0,97.66800000000003
3108.0,121.11500000000001
3118.0,39.465999999999994
3120.0,42.723
3124.0,46.434000000000005
3140.0,99.07300000000001
3146.0,121.27599999999998
3147.0,125.91299999999998
3152.0,-0.9280000000000002
3157.0,3.686
3170.0,20.145000000000003
3171.0,22.123
3175.0,25.697000000000003
3183.0,33.519
3191.0,0.15300000000000002
3202.0,11.632000000000001
3219.0,29.852999999999998
3222.0,33.437999999999995
3234.0,4.627
3242.0,12.233
3251.0,22.931999999999995
3255.0,27.859999999999996
3261.0,35.190000000000005
3267.0,41.157
3272.0,47.596999999999994
3294.0,29.020999999999997
3301.0,38.713
3302.0,41.034
3304.0,42.632999999999996
3314.0,10.167000000000002
3324.0,18.701999999999998
3327.0,23.401999999999994
3342.0,46.50500000000001
3343.0,48.053000000000004
3348.0,55.916
3354.0,65.68700000000001
3356.0,14.757
3369.0,29.422000000000008
3373.0,36.123
3385.0,59.89799999999999
3394.0,79.92600000000002
3397.0,17.840000000000003
3420.0,55.884
3436.0,96.57400000000001
3440.0,27.246999999999996
3444.0,33.166000000000004
3445.0,33.543000000000006
3446.0,35.374
3457.0,60.942999999999984
3461.0,74.141
3465.0,84.456
3474.0,109.215
3498.0,71.08399999999999
3506.0,98.042
3510.0,108.69500000000001
3546.0,109.16900000000001
3556.0,145.71200000000002
3561.0,-12.004
3577.0,20.801
3581.0,27.253000000000004
3582.0,28.943
3627.0,34.7
3636.0,48.38099999999999
3643.0,5.308
3645.0,7.234
3672.0,44.172
3675.0,47.36
3696.0,22.802
3723.0,60.887
3730.0,21.422
3736.0,26.942999999999994
3743.0,37.115
3746.0,42.85600000000001
3748.0,43.983999999999995
3763.0,73.08500000000001
3766.0,20.694
3769.0,22.345999999999997
3772.0,27.117
3777.0,33.771
3791.0,58.015
3798.0,74.718
3840.0,99.403
3843.0,105.38799999999999
3847.0,29.212
3851.0,36.074
3854.0,41.81699999999999
3863.0,65.85499999999999
3884.0,139.963
3890.0,35.30800000000001
3913.0,110.46399999999998
3923.0,154.55399999999997
3943.0,81.70500000000001
3952.0,122.35999999999999
3969.0,205.206
3974.0,4.647
3987.0,23.153
3991.0,28.964
3993.0,31.526
4000.0,41.235
4014.0,11.817
4029.0,32.113
4045.0,3.907
4057.0,22.502
4061.0,27.901999999999997
4067.0,39.696
4070.0,44.347
4079.0,56.93799999999999
4090.0,20.146
4097.0,31.383000000000003
4107.0,49.535000000000004
4115.0,63.40599999999999
4117.0,66.18199999999999
4131.0,32.657
4132.0,35.059999999999995
4142.0,56.161000000000016
4146.0,66.05100000000002
4171.0,44.433
4185.0,81.62899999999999
4191.0,107.87900000000002
4199.0,35.575
4218.0,81.324
4249.0,79.16799999999999
4276.0,67.655
4282.0,87.91499999999999
4297.0,141.82700000000003
4330.0,144.305
4341.0,-4.636
4360.0,32.744
4364.0,39.436
4380.0,71.00199999999998
4389.0,14.244
4413.0,59.75899999999999
4426.0,16.136000000000003
4433.0,25.594
4452.0,60.219000000000015
4465.0,20.095999999999997
4474.0,30.594
4488.0,56.25300000000001
4491.0,60.436000000000014
4492.0,61.53700000000001
4493.0,66.634
4495.0,68.272
4496.0,71.121
4499.0,80.225
4514.0,37.914
4548.0,37.40599999999999
4551.0,39.982
4555.0,45.71900000000001
4565.0,67.24600000000001
4583.0,129.178
4592.0,50.486000000000004
4598.0,59.818
4611.0,100.56499999999998
4636.0,63.775
4642.0,81.03
4646.0,98.747
4658.0,151.214
4659.0,155.098
4682.0,94.446
4721.0,7.537000000000001
4723.0,9.311000000000002
4729.0,14.321000000000002
4735.0,19.934
4736.0,20.717
4737.0,22.394
4744.0,30.976
4752.0,0.18999999999999997
4754.0,2.4939999999999998
4777.0,21.044999999999995
4779.0,23.648000000000003
4780.0,24.415000000000003
4798.0,6.0280000000000005
4799.0,6.970000000000001
4843.0,11.241
4846.0,13.653
4859.0,25.075000000000003
4869.0,34.489999999999995
4875.0,8.849
4887.0,16.988000000000003
4891.0,20.809000000000005
4893.0,23.103
4911.0,44.294
4929.0,21.368000000000002
4931.0,24.333
4933.0,26.506999999999998
4946.0,44.24900000000001
4968.0,22.94
4973.0,30.839
4976.0,35.153999999999996
4980.0,41.785
4992.0,62.632000000000005
5016.0,42.051
5051.0,38.705999999999996
5052.0,39.581
5053.0,41.681999999999995
5056.0,47.416
5068.0,75.31300000000002
5073.0,91.86899999999999
5088.0,37.223000000000006
5092.0,44.835
5104.0,72.23999999999998
5116.0,113.17999999999999
5134.0,16.254
5147.0,28.560000000000002
5161.0,6.85
5172.0,17.371000000000002
5173.0,18.366
5177.0,22.556000000000004
5188.0,34.723
5191.0,37.644
5211.0,21.348
5215.0,27.913
5222.0,35.704
5225.0,37.619
5226.0,39.278000000000006
5232.0,5.554
5237.0,12.679
5248.0,24.915
5249.0,26.974
5254.0,32.262
5258.0,37.90500000000001
5276.0,19.701
5279.0,22.759999999999998
5287.0,32.446000000000005
5293.0,41.432
5305.0,11.317
5308.0,17.991999999999997
5311.0,20.967999999999996
5315.0,26.183000000000003
5323.0,39.150999999999996
5334.0,58.355000000000004
5353.0,34.958000000000006
5387.0,41.25
5390.0,45.149000000000015
5392.0,49.614999999999995
5393.0,51.88599999999999
5408.0,83.51400000000001
5423.0,45.36299999999999
5442.0,90.60700000000001
5450.0,114.099
5463.0,59.146
5486.0,129.587
5496.0,10.786
5504.0,21.416999999999998
5511.0,30.254
5512.0,31.994999999999997
5530.0,6.175000000000001
5534.0,12.560999999999998
5535.0,14.949000000000002
5536.0,15.983
5539.0,21.440999999999995
5575.0,19.930999999999997
5578.0,24.747000000000003
5581.0,29.107000000000006
5588.0,37.887
5592.0,47.105000000000004
5596.0,52.32500000000001
5600.0,4.978
5611.0,20.793
5616.0,28.130000000000003
5618.0,32.18900000000001
5625.0,43.339999999999996
5630.0,54.068000000000005
5644.0,21.597
5675.0,16.336000000000002
5685.0,34.796
5691.0,47.511999999999986
5699.0,63.90400000000002
5726.0,52.879999999999995
5727.0,51.30400000000001
5730.0,62.535000000000004
5731.0,65.16499999999999
5732.0,67.522
5734.0,73.35499999999999
5739.0,88.22699999999998
5745.0,106.189
5757.0,47.07300000000001
5759.0,51.934000000000005
5772.0,91.57499999999999
5791.0,58.463999999999984
5794.0,59.855999999999995
5800.0,74.72200000000001
5801.0,77.11099999999999
5847.0,133.186
5854.0,164.41500000000002
5855.0,169.78000000000003
5864.0,11.124999999999998
5869.0,19.059000000000005
5877.0,30.023999999999994
5878.0,29.541000000000004
5881.0,38.023
5883.0,41.157
5892.0,56.251999999999995
5895.0,60.61199999999999
5906.0,17.220999999999997
5915.0,32.04600000000001
5917.0,38.190999999999995
5919.0,41.49499999999999
5949.0,30.163
5959.0,50.54600000000001
5977.0,17.161
5980.0,22.879000000000005
5986.0,34.73800000000001
5988.0,37.354000000000006
5991.0,44.34500000000001
5999.0,63.36400000000001
6002.0,70.31700000000001
6015.0,24.249
6019.0,31.903
6051.0,29.351000000000006
6065.0,64.70399999999998
6070.0,80.835
6102.0,82.91600000000001
6164.0,75.90599999999999
6170.0,100.47600000000001
6181.0,147.39900000000003
6184.0,159.174
6197.0,72.257
6205.0,101.82600000000002
6231.0,1.3249999999999997
6235.0,3.4829999999999997
6242.0,8.704
6265.0,11.314000000000002
6278.0,8.878
6287.0,1.671
6293.0,7.2989999999999995
6294.0,8.3
6295.0,10.737
6303.0,20.200000000000003
6310.0,6.055
6313.0,9.717
6320.0,18.035999999999994
6331.0,11.475999999999997
6335.0,17.663999999999998
6349.0,11.455
6360.0,31.529999999999994
6363.0,8.129
6373.0,23.343
6374.0,27.021000000000004
6390.0,23.794999999999998
6396.0,38.73100000000001
6397.0,40.46
6401.0,0.369
6407.0,2.886
6413.0,5.537999999999999
6420.0,7.965999999999999
6427.0,11.328
6432.0,13.514000000000001
6439.0,0.946
6448.0,5.122
6457.0,8.661000000000001
6484.0,5.1
6489.0,7.499
6528.0,9.834000000000001
6541.0,16.973999999999997
6545.0,19.847
6546.0,20.273000000000003
6585.0,4.4270000000000005
6588.0,5.336
6614.0,24.088
6616.0,25.525
6617.0,26.075
6628.0,10.132000000000001
6640.0,19.196
6655.0,34.34
6665.0,12.014999999999999
6668.0,14.626
6694.0,41.97
6700.0,15.018
6709.0,21.511000000000003
6713.0,27.106
6736.0,18.097
6742.0,23.218
6748.0,28.93
6756.0,39.517
6776.0,8.624
6783.0,17.847
6799.0,20.080999999999996
6823.0,18.395000000000003
6848.0,16.776999999999997
6850.0,20.526
6854.0,30.425
6863.0,21.210000000000004
6873.0,49.782000000000004
6892.0,29.883
6893.0,32.68
6895.0,38.61500000000001
6905.0,0.48100000000000004
6910.0,6.982000000000001
6938.0,7.181
6944.0,16.746
6949.0,26.564999999999998
6959.0,20.794000000000004
6975.0,27.573
6980.0,11.739
6988.0,28.48
7002.0,31.019
7034.0,53.21900000000001
7035.0,58.158
7040.0,0.6140000000000001
7041.0,1.97
7059.0,26.249000000000002
7060.0,0.5130000000000001
7065.0,7.227000000000001
7073.0,19.026
7098.0,32.190000000000005
7099.0,32.949
7101.0,6.598000000000001
7102.0,8.165000000000001
7115.0,34.028000000000006
7121.0,9.434999999999999
7124.0,14.798999999999996
7148.0,28.454
7161.0,17.458999999999996
7178.0,63.479
7188.0,41.324
7208.0,49.861999999999995
7209.0,52.696000000000005
7215.0,74.16499999999999
7218.0,88.82399999999998
7230.0,14.663
7233.0,18.544999999999998
7246.0,8.488
7253.0,19.384999999999994
7270.0,18.481
7274.0,26.053000000000004
7289.0,20.827000000000005
7297.0,37.816
7302.0,10.766
7305.0,16.386
7314.0,37.223
7322.0,15.145
7325.0,20.367
7326.0,23.205
7330.0,33.013
7332.0,38.706
7371.0,50.452999999999996
7372.0,54.43499999999999
7375.0,67.925
7383.0,30.621
7385.0,38.24100000000001
7389.0,52.451999999999984
