test_index,y_pred
1.0,-0.7466655252836798
21.0,-0.6592507979248126
34.0,-0.9541591608277107
64.0,-0.5165840879281856
95.0,-0.4063823015606935
98.0,-0.7442642912307473
103.0,-0.7442642912307473
122.0,-0.546823896899463
130.0,-0.6581779640295764
146.0,-0.7455726363855444
160.0,-0.6720908738234286
161.0,-0.4255764541180955
186.0,-0.3935553414007664
189.0,-0.5027161820750585
197.0,-0.8248652023081924
200.0,-0.3935553414007664
201.0,-0.3756508453977387
202.0,-0.7704785758334527
206.0,-0.6241523090549936
241.0,-0.5712323569226676
253.0,-0.3322668685871788
262.0,-0.493241483071122
293.0,-0.856260717734175
317.0,-0.5731808358757835
330.0,-0.7666443632792994
337.0,-0.856260717734175
378.0,-0.8440918358958971
379.0,-0.9313262319531839
391.0,-0.979194752113477
392.0,-0.9411339040633776
397.0,-0.605678956239883
400.0,-0.8157797678052852
403.0,-0.6401099968582571
418.0,-0.9811795770650562
452.0,-0.4551407483513907
455.0,-1.005223435672887
459.0,-0.9012601627072724
466.0,-0.848768791823602
474.0,-0.7443498911347604
488.0,-0.979194752113477
492.0,-0.8081000004590848
502.0,-0.7099735965154608
540.0,-0.4652073674735195
562.0,-0.4228568508200334
563.0,-0.6129614011356832
586.0,-0.5279031681473985
600.0,-0.4825807530984303
608.0,-0.4471248468608042
623.0,-0.53092608327138
627.0,-0.4256737757715036
640.0,-0.6067491345176563
641.0,-0.5644223408345805
646.0,-0.5187568625846843
648.0,-0.6176384465710392
659.0,-0.4141265038013237
663.0,-0.397894528247539
683.0,-0.5799303249736703
698.0,-0.5535235098103275
702.0,-0.5896393750198481
709.0,-0.5502240546684121
747.0,-0.459597096637319
763.0,-0.4607319432060297
766.0,-0.4963507017064081
769.0,-0.4487580384332545
775.0,-0.479109795565158
779.0,-0.4825807530984303
791.0,-0.4971307429354468
795.0,-0.4467879659691043
804.0,-0.4683929524133994
815.0,-0.7704785758334527
835.0,-0.5112121718960463
854.0,-0.4616410922450642
860.0,-0.5712421275254966
863.0,-0.3606966965852809
870.0,-0.3247508087371216
877.0,-0.4270292860240054
878.0,-0.5667510730081986
880.0,-0.5667510730081986
955.0,-0.5063516807481871
956.0,-0.5564626897501928
960.0,-1.201472081660793
972.0,-0.6527284028189708
975.0,-0.2345109385497945
995.0,-0.5962667599638536
1016.0,-0.7366213701629594
1020.0,-0.4768871914544839
1021.0,-0.6677714904814653
1028.0,-0.464584442431267
1038.0,-0.5958548395516283
1051.0,-0.4512667845123967
1059.0,-0.5564626897501928
1076.0,-0.4190888546047215
1082.0,-0.525893883107944
1095.0,-0.5590855433624249
1129.0,-0.3262332989545733
1130.0,-0.5722645638915456
1136.0,-0.6419534317088154
1147.0,-0.4549565382483607
1152.0,-0.3776114555971261
1153.0,-0.4414567658834833
1154.0,-0.3659781178263266
1158.0,-0.564332481931622
1162.0,-0.6329586094725705
1180.0,-0.6616413822545404
1183.0,-0.6616413822545404
1184.0,-0.8555101131169796
1215.0,-0.4435153697834426
1218.0,-0.494420876943046
1238.0,-0.3123046962403322
1257.0,-0.6678787896309029
1267.0,-0.4597576689395257
1275.0,-0.562903668024628
1282.0,-0.4210443705769418
1291.0,-0.01705175027027679
1294.0,-0.3381803415428948
1297.0,-0.3461349432227525
1300.0,-0.3623729650533693
1306.0,-0.3101442913638728
1327.0,-0.2721587407999397
1354.0,-0.3051130850269414
1363.0,-0.3373212532280352
1367.0,-0.5789466885674592
1369.0,-0.7314285077284683
1390.0,-0.481182993518507
1400.0,-0.4434183321822846
1408.0,-0.7098849456343537
1415.0,-0.6139537766738457
1434.0,-0.6213580216654631
1438.0,-0.7098849456343537
1439.0,-0.7098849456343537
1443.0,-0.5789466885674592
1445.0,-0.5677799872047817
1478.0,-0.6218198845114618
1479.0,-0.4192081033674508
1482.0,-0.4512536349479372
1484.0,-0.5450937650179046
1485.0,-0.5191202798270762
1495.0,-0.6598359371774567
1496.0,-0.7089581897911774
1500.0,-0.5517138746436405
1515.0,-0.2649299534592639
1520.0,-0.5457273797921243
1522.0,-0.602511552219104
1527.0,-0.5781171131143346
1528.0,-0.6241523090549936
1529.0,-0.4912426976770554
1534.0,-0.397495376872758
1570.0,-0.2594201995343415
1579.0,-0.2195269108440207
1585.0,-0.5726925891535064
1589.0,-0.384552593591791
1597.0,-0.5211298532127149
1603.0,-0.5235467119963921
1631.0,-0.3317274135579682
1634.0,-0.493302371733991
1636.0,-0.4905611184352576
1638.0,-0.5332901271087458
1643.0,-0.5186842864355299
1648.0,-0.4015518747009894
1661.0,-0.5332901271087458
1663.0,-0.3475283502914053
1678.0,-0.01615355296980366
1682.0,-0.5305502233197217
1685.0,-0.3896387938836199
1695.0,-0.7676696887373886
1696.0,-0.4762585215826984
1698.0,-0.4049858365916821
1704.0,-0.3553881603809996
1707.0,-0.3219257909239523
1722.0,-0.6671993946040482
1733.0,-0.5778862885173162
1734.0,-0.594737639984853
1751.0,-0.5275746192351889
1757.0,-0.8390601044006516
1759.0,-0.2816627290752302
1768.0,-0.4035942001723533
1787.0,-0.508702348129102
1794.0,-0.7289241193343727
1796.0,-0.599377600166207
1802.0,-0.588875322558799
1806.0,-0.4513438817366086
1819.0,-0.5752336887731229
1843.0,-0.86933983525687
1853.0,-0.5881380617080243
1863.0,-0.7584278063683279
1881.0,-0.5881380617080243
1884.0,-0.9588457950355522
1895.0,-0.8017343176886467
1899.0,-0.6733158172187057
1919.0,-0.7613931725138023
1923.0,-0.6462762261602641
1930.0,-0.8253526931880923
1955.0,-0.30933379783482
1959.0,-0.3869417333345133
1969.0,-0.4023424016764352
1981.0,-0.3869417333345133
1986.0,-0.0114735437223048
1998.0,-0.3869417333345133
2027.0,-0.6963063249538362
2038.0,-0.4659339414849839
2041.0,-0.7577339471150726
2047.0,-0.500321703079333
2049.0,-0.6963063249538362
2056.0,-0.6048803695474287
2061.0,-0.5289561833890595
2062.0,-0.5884202102945757
2068.0,-0.7151931219979417
2088.0,-0.6305441584174325
2101.0,-0.8185201142303971
2135.0,-0.6417990029364651
2139.0,-0.4714230758999616
2146.0,-0.6549954145955699
2160.0,-0.6715971556804643
2169.0,-0.5399884501531869
2182.0,-0.6335762203146125
2191.0,-0.541021973268025
2198.0,-0.4765052391712032
2199.0,-0.4800102493109541
2200.0,-0.4765052391712032
2214.0,-0.5791052329002575
2235.0,-0.7407626930942328
2237.0,-0.6177575981614627
2253.0,-0.5350416773680582
2255.0,-0.7808690371531739
2264.0,-0.6713295591003536
2267.0,-0.86933983525687
2278.0,-0.7317333710154905
2294.0,-0.5838913425410048
2300.0,-0.7156892526297831
2301.0,-0.7047444748828262
2317.0,-0.7895848337062166
2324.0,-0.2852830309173146
2327.0,-0.2827706668135192
2336.0,-0.4090187119831405
2343.0,-0.007001848081094748
2363.0,-0.6055449188540241
2385.0,-0.4630602051235897
2391.0,-0.6549110343055311
2393.0,-0.6552493142083033
2432.0,-0.5670847690760041
2433.0,-0.6552493142083033
2435.0,-0.3617640134462032
2449.0,-0.6592507979248126
2450.0,-0.653816268497522
2454.0,-0.5421017223846469
2489.0,-0.504577975498977
2511.0,-0.8741755029003127
2520.0,-0.8273564438622749
2532.0,-0.5476802719317266
2556.0,-0.6452607865415612
2557.0,-0.6206025229507723
2558.0,-0.7867290540020342
2568.0,-0.8502982565821906
2572.0,-0.4202759331621202
2598.0,-0.6786836421146454
2604.0,-0.590354060407364
2612.0,-0.590354060407364
2613.0,-0.7000115783442755
2625.0,-0.4103032999584339
2640.0,-0.6984805265353078
2660.0,-0.4386388817901636
2675.0,-0.6000875922477444
2680.0,-0.6184224430020961
2690.0,-0.6709826848275062
2693.0,-0.5854085424971522
2695.0,-0.4475716489480579
2729.0,-0.6184224430020961
2731.0,-0.6926404665891344
2734.0,-0.737633001170547
2747.0,-0.2284689247628986
2767.0,-0.5485614469298081
2773.0,-0.625526992884966
2777.0,-0.625526992884966
2790.0,-0.5001140388237157
2796.0,-0.6418538861723952
2799.0,-0.7366213701629594
2811.0,-0.7410522697288418
2814.0,-0.6202792280095526
2824.0,-0.6697838163799918
2842.0,-0.775677633717871
2853.0,-0.6565793730972977
2864.0,-0.7362345449733549
2871.0,-0.8940194279727933
2879.0,-0.9650020534527785
2888.0,-0.853576505736358
2904.0,-0.6841228199408835
2919.0,-0.6698445804695599
2927.0,-0.3082583941772707
2930.0,-0.542751511972968
2939.0,-0.4254942091897202
2944.0,-0.5261933891009765
2945.0,-0.4847772041087808
2956.0,-0.5261933891009765
2967.0,-0.5287974224860577
2977.0,-0.6428691691562172
2983.0,-0.527192233013146
2990.0,-0.7220812547490549
3000.0,-0.5111642624417634
3003.0,-0.4747987380081095
3005.0,-0.5263510979944765
3015.0,-0.3116058861904331
3017.0,-0.4338118770889654
3020.0,-0.4039625661884933
3023.0,-0.4732607942972233
3026.0,-0.4460863656362193
3030.0,-0.005866863428647032
3038.0,-0.4338118770889654
3047.0,-0.3827526344453655
3069.0,-0.2882950716596539
3092.0,-0.3190031419615309
