test_index,y_pred
16.0,17.558729746700404
28.0,-3.1710773627313005
41.0,-18.96331171080698
64.0,-1.0434717546809835
82.0,3.6301298482796325
94.0,-12.241735564602838
100.0,2.3164891011401165
104.0,-7.842317735004433
123.0,-16.205045441475537
127.0,2.8091265869699624
133.0,1.4492112126285364
154.0,-2.8332822346558872
163.0,-2.816925478845012
172.0,-20.751306832309016
182.0,-19.831475830610604
189.0,-0.738699445633135
191.0,-7.406652473292813
212.0,-2.034136159237794
231.0,-6.989905010612408
237.0,-11.5335016245395
243.0,-20.555132301559357
245.0,4.088670183021516
252.0,9.340841694703325
253.0,17.161496253262325
261.0,5.949085006714934
265.0,-18.579751684303634
285.0,21.335404744177534
320.0,22.89863684931441
337.0,15.032863278433691
340.0,-5.199980651185631
381.0,5.176838089111182
385.0,1.6955715895709844
389.0,6.341769244083419
392.0,9.611330340863955
394.0,-0.3416663674625553
399.0,1.7207264818520642
404.0,7.7713689618776085
405.0,6.750020333514551
421.0,11.548390518524283
446.0,5.434994284437773
448.0,-2.715497180538539
455.0,15.801707032111548
456.0,-12.219810485371628
464.0,-16.930303812585013
466.0,-1.0649310862089052
480.0,1.08621306023377
481.0,16.903975251221876
492.0,1.5932065134438134
496.0,-19.777675120375594
509.0,-10.299875055342742
518.0,-3.657340291167718
536.0,6.206174536806141
542.0,10.168809997473257
545.0,28.86884439957492
571.0,-11.264827714231675
593.0,21.15264055326423
597.0,4.649223010475391
608.0,3.363623670965292
623.0,9.594085837908036
624.0,25.281333420258928
641.0,14.256783331796836
662.0,8.987256210672225
671.0,3.5865929384471498
677.0,6.923482984053801
689.0,27.56514948682769
702.0,-12.160275684693094
737.0,7.5226730454125414
741.0,-32.690898553555435
748.0,-7.459327630475916
758.0,30.57825721675925
760.0,22.21032097010237
763.0,4.261062296404982
767.0,28.939273090263153
777.0,0.7641424663497063
783.0,27.58370992158296
784.0,24.833781869184744
799.0,-1.1539514404749454
801.0,-5.662909521204772
819.0,2.451316925836575
832.0,-5.734040341437155
834.0,157.22910748203202
845.0,7.031831796808485
882.0,20.557446058850186
898.0,2.9052358857840614
900.0,9.769893576312082
901.0,9.77254785505664
930.0,-0.24936657124982697
947.0,16.90108049729127
981.0,1.9497799503162085
982.0,5.28300283622428
988.0,26.307847511033227
994.0,-0.8992185241762101
1010.0,37.03768824196771
1012.0,7.2893342605922795
1030.0,11.122056269920616
1036.0,-0.9084885149582689
1048.0,-4.458471633544893
1079.0,11.770688870138596
1081.0,-1.883281395732699
1086.0,8.575638988811473
1090.0,-4.842867687955111
1101.0,1.79101803301199
1102.0,-2.124185020429029
1103.0,-23.419370444950633
1122.0,1.379165742904145
1124.0,2.2497507012600932
1133.0,1.0033962668109624
1154.0,-35.14402697087014
1160.0,4.387513961542875
1172.0,-2.978322919657619
1181.0,6.227456574576247
1196.0,-5.6994046813356976
1197.0,-3.3755426214111752
1203.0,-1.6649047976193898
1254.0,-0.7611431764422079
1259.0,15.358112018062624
1261.0,7.1731349655562395
1265.0,-17.548166741017045
1267.0,11.7566808251301
1271.0,7.250981050604362
1272.0,-0.5447446766336881
1278.0,-1.9179879423823578
1281.0,36.647186453362046
1284.0,2.5403414570272913
1292.0,-40.11635400240568
1296.0,152.45049134113145
1301.0,-0.07492101310896683
1306.0,-4.7688853843722585
1309.0,-6.666238610085718
1331.0,7.688191883566044
1335.0,-2.013898878178968
1336.0,17.194169261494547
1369.0,5.4850233560770745
1385.0,8.255219446087889
1386.0,-5.41637499384007
1395.0,25.890218277651623
1397.0,-0.7717842642280786
1398.0,1.8832624509026872
1402.0,11.250713968445947
1406.0,19.58757970581399
1408.0,15.619854260924225
1411.0,1.5691247693129597
1421.0,-1.25294513656019
1422.0,-4.746756371285362
1442.0,4.622139258776481
1448.0,2.1860552215945814
1455.0,-8.853896329367505
1463.0,-4.995891510337349
1468.0,25.675607252117
1469.0,6.540809182143387
1474.0,-10.758952965655968
1478.0,-2.037212628664581
1483.0,-1.3115126075757118
1489.0,26.497440824567487
1503.0,1.5022513286775692
1510.0,-6.217082048555146
1531.0,18.37638960641169
1554.0,-3.4804600244756942
1578.0,-1.452109073363151
1579.0,21.020026379700706
1584.0,0.6478597645497601
1588.0,5.250301031093552
1595.0,-0.7417599381940974
1612.0,22.00343596723331
1628.0,2.097294143511074
1632.0,-28.980978819855697
1634.0,24.122569355830077
1639.0,1.3698409073921838
1643.0,7.531917208560965
1660.0,37.85243289972862
1687.0,2.676889364064148
1694.0,2.8208265564232375
1720.0,-2.833002775947482
1734.0,12.95484479545092
1742.0,60.66901424946234
1755.0,-45.807251596358874
