test_index,y_pred
20.0,4.79389465781809
21.0,4.583542850083195
48.0,4.609250449749709
50.0,4.345094096040652
58.0,4.676557321501939
71.0,4.957922035490023
87.0,4.763445435740261
99.0,4.9237143120948685
102.0,4.55019562063479
106.0,4.387259931145613
121.0,4.652084561927878
130.0,5.2160888003597545
149.0,4.745386136750781
151.0,4.623920473306084
160.0,4.686400807329542
169.0,4.6931497566256155
174.0,4.693231305967643
187.0,5.0413574780688775
188.0,4.413547430140073
189.0,4.837136348114628
191.0,4.636186676209213
214.0,4.7451131261065695
235.0,4.718789436143293
252.0,4.623508661336962
257.0,4.696781940826494
270.0,4.9179787378075925
276.0,4.892840514701498
293.0,4.650005307094101
308.0,4.565483414411961
313.0,4.669624765619345
330.0,5.194663716322058
343.0,4.889590613717183
344.0,4.581359071866702
359.0,4.674536381530668
363.0,4.342500913362163
372.0,4.517464481807949
385.0,5.279384138501666
413.0,4.763497536521031
435.0,4.6666583978508775
443.0,4.622165641705527
445.0,4.769858628638942
458.0,4.757204424653226
459.0,4.647014673626658
463.0,4.949460215925411
466.0,4.491144126211167
470.0,4.979568163433668
474.0,4.524295609681384
475.0,4.633105267727777
491.0,4.511518933569736
514.0,4.8795792066838555
516.0,4.69314643000015
