test_index,y_pred
11.0,5.00513219833374
20.0,4.393634796142578
22.0,5.9149556159973145
35.0,5.3769989013671875
42.0,5.090947151184082
59.0,5.120386600494385
72.0,4.997640609741211
78.0,5.209354877471924
87.0,5.474409580230713
128.0,6.321802139282227
140.0,5.197933673858643
147.0,4.328664779663086
163.0,5.06470251083374
182.0,4.864582061767578
187.0,4.41855001449585
212.0,5.85980224609375
226.0,4.80033016204834
234.0,4.555575370788574
237.0,5.168972969055176
243.0,6.874332904815674
261.0,5.165888786315918
275.0,5.906805038452148
282.0,5.308123588562012
313.0,5.755100727081299
340.0,6.743628978729248
359.0,5.821033954620361
361.0,6.3034467697143555
363.0,6.517081260681152
365.0,6.435414791107178
369.0,6.994442939758301
372.0,5.940554141998291
377.0,6.994442939758301
392.0,4.6188645362854
399.0,5.21060848236084
405.0,6.446623802185059
406.0,6.010694980621338
407.0,6.314879894256592
424.0,4.673975944519043
440.0,5.778691291809082
444.0,6.489574909210205
448.0,5.5390753746032715
456.0,5.3005290031433105
460.0,6.463833808898926
462.0,6.414582252502441
464.0,6.314269542694092
475.0,6.0201897621154785
482.0,5.450313568115234
521.0,5.221092700958252
522.0,5.4410247802734375
541.0,6.1005859375
542.0,5.906546592712402
560.0,5.4725542068481445
593.0,4.851140022277832
597.0,5.234118938446045
630.0,5.845431327819824
632.0,5.572620868682861
649.0,6.554990291595459
651.0,4.867414474487305
662.0,5.408309459686279
685.0,4.8626813888549805
689.0,6.024535179138184
697.0,5.255539417266846
702.0,5.358811855316162
703.0,5.217257499694824
707.0,5.444173336029053
714.0,4.918254375457764
735.0,4.677798271179199
739.0,5.366546154022217
767.0,4.906856060028076
772.0,5.076991558074951
780.0,5.0710601806640625
788.0,5.71598482131958
819.0,5.283428192138672
821.0,6.493851184844971
845.0,5.101377010345459
850.0,5.322046756744385
855.0,5.6301727294921875
867.0,6.52807092666626
873.0,6.865044116973877
882.0,5.886386394500732
891.0,5.313264846801758
900.0,7.560136318206787
916.0,4.702597618103027
940.0,7.117489337921143
961.0,5.340086936950684
962.0,5.291571140289307
970.0,7.459135055541992
986.0,6.373787879943848
997.0,6.677436351776123
1000.0,6.211529731750488
1004.0,5.521548748016357
1008.0,6.350553035736084
1013.0,5.344233989715576
1014.0,5.067020893096924
1026.0,7.023243427276611
1031.0,6.14876127243042
1035.0,5.823118686676025
1036.0,7.095645427703857
1037.0,5.203193187713623
1048.0,5.9680376052856445
1053.0,7.028600215911865
1067.0,6.962242603302002
1072.0,5.534271240234375
1078.0,5.75576639175415
1080.0,6.130154609680176
1093.0,7.422465801239014
1099.0,4.875830173492432
1100.0,6.730044364929199
1124.0,5.233789920806885
1125.0,6.475397109985352
1132.0,7.0881028175354
1133.0,5.784755706787109
1134.0,6.391982078552246
1140.0,5.507811546325684
1177.0,7.311192512512207
1179.0,5.937439441680908
1190.0,6.418820858001709
1198.0,5.772892951965332
1206.0,6.948883056640625
1208.0,6.948883056640625
1229.0,5.1095499992370605
1232.0,5.1095499992370605
1239.0,6.047999382019043
1241.0,5.240825176239014
1246.0,4.636014461517334
1249.0,6.119760990142822
1284.0,6.032549858093262
1286.0,6.929720878601074
1326.0,6.010204792022705
1327.0,6.010204792022705
1337.0,4.874836444854736
1343.0,5.9221110343933105
1347.0,4.554967880249023
1364.0,5.7595648765563965
1367.0,5.148262023925781
1368.0,5.248664855957031
1373.0,5.434298515319824
1376.0,4.775763988494873
1382.0,5.125465393066406
1403.0,5.847640514373779
1404.0,5.816574573516846
1408.0,6.995532989501953
1416.0,5.804570198059082
1428.0,5.746601581573486
1430.0,5.539483070373535
1440.0,6.842921733856201
1442.0,5.465756416320801
1459.0,6.6227850914001465
1462.0,5.378722190856934
1475.0,7.137733459472656
1486.0,5.781785488128662
1492.0,4.5254998207092285
1494.0,5.80630350112915
1506.0,4.4170918464660645
1508.0,6.203737735748291
1518.0,5.430109977722168
1523.0,5.957851409912109
1546.0,6.0164899826049805
1549.0,6.6778364181518555
1577.0,4.738914489746094
1584.0,6.860833168029785
1601.0,5.923018932342529
1613.0,5.542497634887695
1624.0,5.324061870574951
1637.0,5.731435775756836
1638.0,5.731435775756836
1651.0,6.376209735870361
1653.0,5.858992576599121
1656.0,4.7883477210998535
1660.0,4.7883477210998535
1667.0,7.267732620239258
1674.0,5.788715362548828
1681.0,5.512523651123047
1689.0,4.803261756896973
1692.0,6.922215461730957
1725.0,5.775696277618408
1735.0,5.577311038970947
1754.0,5.997948169708252
1764.0,5.907540321350098
1766.0,7.08848237991333
1778.0,5.424691200256348
1795.0,4.839799404144287
1798.0,5.513548374176025
1799.0,5.600841999053955
1826.0,5.773053169250488
1830.0,6.047896385192871
1845.0,6.798865795135498
1884.0,5.404540061950684
1923.0,4.2004075050354
1929.0,7.338059425354004
1938.0,6.363717079162598
1947.0,5.958776950836182
1950.0,6.8601975440979
1953.0,4.79393196105957
1960.0,4.871134281158447
2009.0,6.37614631652832
2023.0,5.765152454376221
2037.0,6.660453796386719
2044.0,5.520674228668213
2066.0,5.292705535888672
2085.0,5.395073890686035
2102.0,4.521265983581543
2130.0,5.679790496826172
2137.0,5.859389305114746
2148.0,4.912046909332275
2155.0,5.151904582977295
2159.0,5.855990886688232
2176.0,6.809883117675781
2179.0,4.706122875213623
2183.0,6.328379154205322
2196.0,6.157006740570068
2206.0,6.221536159515381
2216.0,5.893215656280518
2230.0,5.1899800300598145
2247.0,4.834493637084961
2249.0,6.235199451446533
2250.0,6.235199451446533
2256.0,5.564459800720215
2258.0,3.9799118041992188
2279.0,5.00995397567749
2281.0,5.4361653327941895
2283.0,5.881938934326172
2285.0,6.289863586425781
2289.0,6.441717624664307
2293.0,5.804242134094238
2320.0,5.677052974700928
2325.0,6.538236141204834
2334.0,5.326866149902344
2355.0,5.586747646331787
2359.0,6.091119766235352
2390.0,6.7369279861450195
2401.0,5.162891864776611
2408.0,5.389862537384033
2411.0,4.690969467163086
2425.0,5.707589149475098
2442.0,6.781569480895996
2452.0,5.477543354034424
2460.0,5.485030651092529
2468.0,6.285606861114502
2474.0,6.439414024353027
2475.0,7.048799514770508
2483.0,6.150415897369385
2493.0,7.081180095672607
2494.0,6.383340358734131
2496.0,5.637412071228027
2501.0,5.676816463470459
2520.0,5.60830545425415
2528.0,5.797250270843506
2529.0,6.716780185699463
2530.0,6.154081344604492
2544.0,6.0513596534729
2545.0,5.818397045135498
2547.0,4.86350154876709
2562.0,6.449619293212891
2564.0,6.067698001861572
2567.0,6.996638774871826
2581.0,6.571005344390869
2583.0,6.313007354736328
2588.0,5.1114935874938965
2601.0,5.402158260345459
2630.0,5.440312385559082
2631.0,5.935318470001221
2634.0,6.1003828048706055
2636.0,5.316795349121094
2637.0,5.9061760902404785
2649.0,6.190060138702393
2661.0,4.865723133087158
2665.0,5.041501045227051
2672.0,6.00124979019165
2710.0,6.07396125793457
2725.0,5.407478332519531
2740.0,5.625949382781982
2743.0,5.98574161529541
2772.0,6.36030912399292
2785.0,5.191671371459961
2793.0,5.032227516174316
2810.0,5.405433177947998
2813.0,5.205045700073242
2817.0,6.632620334625244
2823.0,7.176329135894775
2830.0,6.944396495819092
2837.0,6.856148719787598
2852.0,6.991491317749023
2863.0,5.650021076202393
2875.0,6.9372406005859375
2889.0,5.1696457862854
2907.0,5.3563737869262695
2962.0,4.971844673156738
2964.0,5.956681251525879
2974.0,6.602538585662842
2978.0,4.135876655578613
2984.0,4.892085075378418
2989.0,5.80306339263916
2990.0,7.101675510406494
3015.0,6.200052738189697
3022.0,4.977597713470459
3029.0,4.6698222160339355
3036.0,6.389457702636719
3040.0,5.778374195098877
3046.0,5.775772571563721
3061.0,5.775772571563721
3083.0,4.6697516441345215
3084.0,6.2142767906188965
3088.0,6.455720901489258
3091.0,5.947608470916748
3097.0,6.6662821769714355
3137.0,5.735591411590576
3138.0,6.269476413726807
3173.0,5.939521789550781
3179.0,3.7415859699249268
3188.0,6.846676826477051
3199.0,6.052172660827637
3225.0,6.094826698303223
3229.0,4.317100524902344
3230.0,5.712886810302734
3232.0,6.21996545791626
3243.0,6.862396717071533
3249.0,6.887465476989746
3257.0,5.171182155609131
3259.0,5.2360615730285645
3271.0,6.35845947265625
3273.0,6.064121723175049
3282.0,6.981432914733887
3291.0,6.188249111175537
3292.0,5.130218029022217
3338.0,3.8607594966888428
3351.0,5.242275238037109
3364.0,5.325067520141602
3371.0,5.354165554046631
3390.0,5.339286804199219
3416.0,4.68235445022583
3423.0,4.840307235717773
3431.0,7.036910057067871
3438.0,5.9175944328308105
3456.0,4.785556793212891
3468.0,6.316978454589844
3485.0,4.449726104736328
3489.0,6.452912330627441
3493.0,5.234180450439453
3503.0,6.104324817657471
3537.0,5.193164348602295
3562.0,5.619376182556152
3565.0,5.214280128479004
3576.0,5.964631080627441
3586.0,6.26318883895874
3603.0,5.781476020812988
3619.0,6.675695419311523
3631.0,6.365824222564697
3632.0,5.490108013153076
3635.0,5.803478717803955
3654.0,5.897581100463867
3655.0,5.769061088562012
3673.0,5.933555603027344
3678.0,4.982265949249268
3679.0,5.254586696624756
3683.0,6.399861812591553
3694.0,5.550790309906006
3697.0,5.381084442138672
3712.0,5.6892266273498535
3716.0,5.855604648590088
3724.0,5.5082879066467285
3725.0,5.412530422210693
3727.0,4.63646125793457
3729.0,6.362011432647705
3754.0,6.448373794555664
3799.0,5.930486679077148
3806.0,5.928591251373291
3813.0,5.732424259185791
3828.0,6.6099748611450195
3835.0,5.308858871459961
3839.0,5.008999824523926
3848.0,4.924908638000488
3852.0,4.924908638000488
3865.0,5.621811389923096
3868.0,5.8881306648254395
3873.0,6.9651618003845215
3874.0,5.268661022186279
3883.0,5.06696081161499
3895.0,6.017709255218506
3896.0,5.182857990264893
3897.0,6.946138381958008
3905.0,5.123966217041016
3906.0,6.02980899810791
3919.0,7.344001293182373
3926.0,4.2492523193359375
3937.0,5.579782009124756
3957.0,5.689436912536621
3967.0,5.709137439727783
3976.0,5.995678424835205
3986.0,5.236577987670898
3988.0,7.182792663574219
4008.0,5.619419574737549
4016.0,5.100629806518555
4037.0,5.154788017272949
4040.0,6.596705913543701
4049.0,4.804533004760742
4050.0,4.804533004760742
4053.0,5.44677734375
4065.0,5.077639102935791
4066.0,6.356106281280518
4073.0,6.637333393096924
4083.0,5.049919128417969
4089.0,4.708584308624268
4095.0,5.138378143310547
4104.0,5.17184591293335
4114.0,6.847274303436279
4118.0,5.253833293914795
4127.0,5.839862823486328
4137.0,5.590841293334961
4144.0,5.989007949829102
4145.0,5.299670696258545
4151.0,4.782480716705322
4153.0,6.918547630310059
4180.0,6.900371551513672
4181.0,6.900371551513672
4187.0,6.900371551513672
4195.0,5.792716979980469
4210.0,5.586940288543701
4211.0,6.913600444793701
4213.0,5.849525451660156
4219.0,5.92543363571167
4229.0,5.634668350219727
4236.0,5.15529203414917
4239.0,6.547663688659668
4259.0,5.292515754699707
4272.0,4.5760579109191895
4288.0,6.3049116134643555
4317.0,6.081101417541504
4319.0,7.046736240386963
4332.0,6.6675190925598145
4339.0,5.370372295379639
4358.0,5.945087432861328
4359.0,5.452434539794922
4362.0,4.33712100982666
4366.0,5.673196792602539
4368.0,4.926166534423828
4374.0,7.635256290435791
4385.0,5.390439987182617
4398.0,7.1088948249816895
4399.0,5.054471492767334
4400.0,5.374581813812256
4403.0,6.72368860244751
4405.0,5.625460147857666
4419.0,6.160037040710449
4431.0,6.145314693450928
4434.0,5.9843339920043945
4436.0,6.296570301055908
4439.0,6.651704788208008
4440.0,5.750946998596191
4443.0,5.865894794464111
4470.0,6.586284637451172
4477.0,7.1312408447265625
4505.0,5.355557918548584
4507.0,6.284143447875977
4516.0,7.005456924438477
4525.0,7.984931468963623
4538.0,7.91398286819458
4556.0,6.2895660400390625
4557.0,5.279358386993408
4570.0,4.607969284057617
4587.0,6.466954708099365
4589.0,7.000489234924316
4600.0,6.875880241394043
4605.0,5.985722064971924
4617.0,6.783308506011963
4629.0,7.678104400634766
4634.0,6.355000972747803
4651.0,5.574934005737305
4669.0,7.593988418579102
4693.0,4.457900524139404
4710.0,6.758398532867432
4724.0,6.674088954925537
4739.0,5.978419303894043
4755.0,5.446931838989258
4764.0,7.366955757141113
4778.0,5.453982353210449
4782.0,6.565927028656006
4793.0,4.443484306335449
4800.0,6.184523105621338
4803.0,5.388926029205322
4810.0,6.5576171875
4814.0,5.013767719268799
4823.0,6.666981220245361
4824.0,6.961568355560303
4832.0,6.584604740142822
4839.0,6.0785369873046875
4847.0,6.469425201416016
4850.0,5.5452470779418945
4851.0,7.209336280822754
4855.0,6.603865623474121
4860.0,6.830244064331055
4863.0,4.768612384796143
4874.0,4.407354831695557
4885.0,6.428930282592773
4899.0,4.845817565917969
4905.0,6.997725486755371
4912.0,5.636535167694092
4928.0,6.571033000946045
4930.0,5.643959999084473
4934.0,6.089848518371582
4940.0,6.158967018127441
4945.0,6.321832656860352
4966.0,6.596075057983398
4975.0,5.994551181793213
4982.0,6.404077529907227
4984.0,6.758504390716553
4985.0,7.23342752456665
5008.0,5.9494733810424805
5012.0,5.9929094314575195
5015.0,5.611297130584717
5040.0,5.866481781005859
5059.0,6.4779558181762695
5060.0,7.589587211608887
5062.0,7.239414215087891
5065.0,7.170767784118652
5067.0,6.564091682434082
5070.0,6.4779558181762695
5076.0,6.5355916023254395
5093.0,6.429971218109131
5110.0,6.381515026092529
5119.0,4.4872002601623535
5120.0,6.621231555938721
5129.0,5.1823039054870605
5136.0,5.7844367027282715
5138.0,6.608613967895508
5164.0,6.528538703918457
5165.0,4.844938278198242
5166.0,6.636590480804443
5190.0,5.244863033294678
5208.0,6.736783981323242
5214.0,5.806107521057129
5217.0,6.494505882263184
5235.0,6.795137405395508
5241.0,6.757774829864502
5252.0,5.284074306488037
5266.0,7.703902244567871
5269.0,5.685920238494873
5304.0,5.996427536010742
5314.0,5.136452674865723
5317.0,5.4081034660339355
5330.0,6.577661991119385
5351.0,5.528369903564453
5365.0,5.087587356567383
5367.0,6.226128578186035
5371.0,6.226128578186035
5380.0,6.279448986053467
5386.0,4.821539878845215
5389.0,4.981405735015869
5403.0,4.93686056137085
5411.0,5.556069850921631
5412.0,5.760035514831543
5418.0,6.321351051330566
5445.0,6.201694965362549
5461.0,5.907347679138184
5476.0,6.100868225097656
5513.0,6.667381763458252
5520.0,6.113465309143066
5521.0,7.169368743896484
5544.0,6.022483825683594
5558.0,5.673761367797852
5560.0,4.9248247146606445
5562.0,6.3425798416137695
5566.0,5.022967338562012
5574.0,6.771403789520264
5586.0,5.680302143096924
5607.0,5.80731201171875
5623.0,7.2676215171813965
5694.0,5.13847017288208
5705.0,6.1240234375
5706.0,6.572151184082031
5724.0,6.2913336753845215
5737.0,5.030985355377197
5746.0,6.601832866668701
5753.0,5.068007946014404
5754.0,5.219398021697998
5768.0,7.224339008331299
5784.0,5.0612263679504395
5803.0,6.1506147384643555
5804.0,6.334552764892578
5810.0,5.635937213897705
5819.0,5.93515157699585
5820.0,7.187545299530029
5822.0,3.933370351791382
5828.0,4.6525983810424805
5829.0,4.955105304718018
5834.0,5.031349182128906
5837.0,5.031349182128906
5856.0,6.520472049713135
5867.0,6.9447021484375
5871.0,5.992551803588867
5885.0,5.917720317840576
5920.0,5.658840179443359
5922.0,6.157723426818848
5925.0,5.523324489593506
5928.0,5.115990161895752
5931.0,7.946976661682129
5933.0,7.946976661682129
5938.0,6.493471622467041
5948.0,4.850473403930664
5953.0,6.472196102142334
5955.0,5.989844799041748
5963.0,5.968196392059326
5966.0,5.3788299560546875
5992.0,5.152942657470703
5993.0,5.025659084320068
5995.0,5.06912088394165
6003.0,5.316222667694092
6014.0,4.711782455444336
6025.0,5.521696090698242
6032.0,4.769711017608643
6039.0,5.974462509155273
6043.0,5.934398174285889
6047.0,6.3216872215271
6069.0,6.128427982330322
6070.0,6.330254554748535
6072.0,5.373260021209717
6077.0,5.027188301086426
6085.0,5.248595237731934
6091.0,5.707849979400635
6119.0,5.3843913078308105
6130.0,5.581766128540039
6145.0,6.930710315704346
6183.0,5.747861385345459
6186.0,6.676394939422607
6189.0,6.039892673492432
6223.0,6.625898838043213
6245.0,6.040318012237549
6268.0,6.4817705154418945
6272.0,6.986891269683838
6273.0,6.921473979949951
6293.0,6.722906589508057
6299.0,5.360949516296387
6311.0,5.9578070640563965
6328.0,4.296178340911865
6345.0,5.372455596923828
6359.0,6.315446376800537
6368.0,5.290369510650635
6412.0,4.157867431640625
6418.0,6.138303756713867
6422.0,6.620991230010986
6423.0,5.2933244705200195
6426.0,6.262472152709961
6430.0,4.8734869956970215
6438.0,4.52454948425293
6446.0,5.594005584716797
6447.0,6.004749298095703
6453.0,7.026248455047607
6473.0,5.726149559020996
6478.0,5.428639888763428
6495.0,6.39525842666626
