test_index,y_pred
2.0,3.199999999999994
3.0,4.351000000000002
4.0,4.648999999999997
5.0,4.648999999999997
10.0,4.0
17.0,4.0
24.0,4.055999999999999
26.0,4.621000000000001
32.0,4.279999999999994
51.0,4.5680000000000005
52.0,4.607
53.0,4.932000000000002
70.0,4.663999999999997
76.0,4.755000000000001
79.0,4.777
93.0,4.861000000000006
95.0,4.689
122.0,5.096000000000006
134.0,5.267999999999998
139.0,4.695000000000004
144.0,5.019
169.0,5.214000000000002
179.0,4.738999999999999
184.0,5.111000000000003
186.0,5.152000000000005
196.0,4.320999999999999
203.0,4.441999999999999
211.0,5.204999999999993
270.0,5.242999999999992
273.0,5.183000000000002
279.0,5.564000000000001
284.0,5.442999999999991
291.0,5.651999999999999
298.0,5.972999999999996
299.0,5.9019999999999975
314.0,5.358000000000004
321.0,5.702000000000006
325.0,5.494000000000003
329.0,5.7430000000000065
345.0,5.524000000000006
358.0,5.677000000000008
362.0,5.849000000000001
364.0,5.902000000000004
384.0,6.025999999999998
387.0,5.918999999999999
391.0,5.406000000000003
408.0,6.129999999999998
414.0,5.413
432.0,5.619000000000001
438.0,6.0960000000000045
443.0,6.001999999999999
447.0,6.138999999999995
450.0,6.101000000000006
451.0,6.098000000000006
470.0,6.059000000000002
473.0,5.686999999999999
474.0,5.950999999999996
495.0,5.892999999999998
501.0,6.398
502.0,6.326999999999998
511.0,5.522000000000003
526.0,6.775999999999998
544.0,6.198999999999996
549.0,6.272
554.0,6.634000000000004
564.0,6.198000000000004
573.0,6.4
594.0,6.363000000000004
644.0,6.84
650.0,6.582999999999999
657.0,6.522000000000003
679.0,6.4559999999999995
680.0,6.652
691.0,7.114000000000004
701.0,5.688000000000005
716.0,6.46
744.0,5.9229999999999965
746.0,6.034000000000001
747.0,6.946000000000003
756.0,6.696000000000005
778.0,6.791999999999999
807.0,6.478000000000001
809.0,6.555999999999998
810.0,6.448999999999999
812.0,6.733
816.0,7.038000000000003
822.0,6.830000000000001
839.0,6.496000000000002
848.0,6.255
851.0,6.674999999999996
853.0,6.864999999999997
862.0,6.541
863.0,6.491000000000001
864.0,6.640000000000006
877.0,7.14299999999999
880.0,7.187
881.0,6.897999999999999
883.0,7.428999999999998
884.0,7.064999999999998
895.0,6.8299999999999965
896.0,6.819999999999997
915.0,7.6229999999999976
921.0,7.363999999999991
950.0,7.567999999999999
953.0,7.032000000000004
965.0,6.797000000000004
978.0,6.482999999999999
1002.0,7.210999999999997
1006.0,6.976999999999997
1011.0,7.113000000000002
1020.0,7.230000000000003
1023.0,7.605999999999995
1034.0,7.017000000000004
1059.0,7.262000000000008
1064.0,7.281999999999995
1067.0,7.278
1085.0,6.893
1105.0,7.260999999999992
1116.0,7.237999999999997
1128.0,7.2979999999999885
1148.0,7.836999999999997
1166.0,7.639000000000001
1171.0,7.338999999999996
1178.0,8.165749999999996
1180.0,7.739249999999996
1187.0,7.126000000000002
1199.0,7.749000000000003
1218.0,4.968999999999998
1219.0,8.844000000000007
1221.0,7.726
1234.0,7.483999999999994
1255.0,7.727999999999991
1268.0,7.640999999999994
1289.0,7.943999999999989
1293.0,8.758999999999997
1298.0,9.288000000000006
1311.0,7.784999999999996
1348.0,8.781000000000002
1352.0,8.181000000000001
1383.0,8.702
1396.0,8.505000000000011
1407.0,8.195
1426.0,8.563
1433.0,8.417999999999996
1443.0,8.27799999999999
1479.0,8.403999999999998
1495.0,8.665999999999999
1512.0,9.382999999999988
1518.0,8.79699999999999
1523.0,9.079
1526.0,9.070999999999996
1541.0,8.312000000000001
1545.0,8.921999999999999
1561.0,9.256000000000002
1563.0,9.144999999999992
1564.0,9.266999999999994
1570.0,9.172999999999995
1571.0,9.140999999999995
1603.0,9.464000000000006
1606.0,9.815999999999988
1613.0,9.13299999999999
1621.0,9.244999999999994
1631.0,9.383000000000008
1633.0,9.14800000000001
1642.0,10.094999999999986
1653.0,9.323999999999991
1671.0,9.219999999999997
1677.0,10.391999999999985
1682.0,10.497999999999998
1701.0,10.798999999999984
1706.0,10.952000000000007
1718.0,11.134000000000004
1719.0,10.62499999999999
1727.0,10.713999999999999
1730.0,11.268000000000002
1756.0,13.694000000000024
1761.0,17.096999999999973
