test_index,y_pred
6.0,4.572999999999999
26.0,2.0170000000000003
59.0,10.920000000000002
68.0,23.06
95.0,29.745000000000005
97.0,37.25599999999999
107.0,13.789000000000001
110.0,18.441
114.0,27.733999999999998
116.0,29.669
124.0,45.596
131.0,15.973999999999998
156.0,22.42
185.0,32.422000000000004
206.0,31.15
214.0,51.129999999999995
219.0,75.891
221.0,78.54500000000002
230.0,34.040000000000006
231.0,35.47
241.0,59.90600000000002
245.0,79.43699999999998
255.0,4.064
260.0,8.401
263.0,11.210000000000003
279.0,3.8800000000000003
303.0,6.154999999999999
308.0,10.014000000000001
321.0,35.29899999999999
330.0,10.311
333.0,15.356
335.0,16.369
362.0,22.712999999999997
367.0,32.007999999999996
375.0,13.100000000000003
384.0,24.235999999999997
397.0,52.34400000000001
398.0,53.908
416.0,45.676
420.0,60.57600000000001
424.0,65.768
447.0,71.703
459.0,39.632
461.0,48.92199999999999
483.0,44.117
488.0,61.56999999999999
499.0,100.268
510.0,10.747000000000003
521.0,21.437000000000005
525.0,25.318000000000005
529.0,31.032000000000004
530.0,31.349
534.0,32.644000000000005
543.0,6.795999999999999
553.0,19.483999999999998
554.0,19.939999999999998
558.0,21.828
570.0,32.727999999999994
573.0,36.469
584.0,13.136000000000001
589.0,21.336
593.0,22.592999999999996
602.0,35.462
607.0,38.5
613.0,7.531000000000001
650.0,10.915000000000003
654.0,15.026999999999997
668.0,35.387
673.0,44.31499999999999
676.0,53.63698355282848
695.0,24.3
700.0,29.269
714.0,61.977
724.0,20.394
729.0,27.883000000000003
741.0,53.19799999999999
744.0,56.521
812.0,76.36699999999999
814.0,74.66581274203884
820.0,86.86517671764204
839.0,49.165
856.0,95.85169770604034
863.0,122.6608940236844
874.0,3.5140000000000002
875.0,5.536
888.0,22.190000000000005
910.0,9.370999999999999
921.0,29.061999999999994
931.0,40.583000000000006
936.0,7.847000000000001
944.0,15.130999999999997
948.0,26.910000000000004
959.0,46.769
967.0,10.806000000000001
979.0,32.317
983.0,39.019999999999996
989.0,44.724000000000004
990.0,49.770999999999994
1018.0,54.988
1024.0,74.29599999999999
1042.0,49.68699999999999
1047.0,59.444
1048.0,60.351
1051.0,67.00500000000001
1060.0,25.636000000000003
1068.0,44.592
1077.0,70.30300000000001
1097.0,51.398
1142.0,115.79853830257157
1153.0,56.82899999999999
1166.0,106.2094146943821
1182.0,1.7400000000000002
1183.0,2.312
1208.0,3.2329999999999997
1237.0,9.732000000000003
1239.0,12.854999999999999
1240.0,15.085999999999999
1251.0,38.938
1260.0,11.029
1265.0,20.052
1277.0,45.40200000000001
1279.0,47.29
1282.0,11.693999999999999
1300.0,47.725
1315.0,29.169000000000004
1327.0,65.932
1332.0,21.834000000000007
1338.0,31.873999999999995
1347.0,70.124
1348.0,72.15200000000002
1355.0,23.857
1365.0,45.636
1376.0,92.54113632822046
1413.0,56.99799999999999
1414.0,60.227
1427.0,119.95792178282008
1451.0,29.791000000000004
1464.0,11.613999999999999
1480.0,5.656000000000001
1481.0,6.8260000000000005
1496.0,29.79
1498.0,36.144000000000005
1508.0,10.409
1518.0,25.217
1520.0,32.150999999999996
1539.0,26.237000000000002
1551.0,61.29799999999999
1566.0,33.083999999999996
1583.0,25.973000000000003
1588.0,34.153999999999996
1595.0,53.9
1602.0,88.75500000000001
1609.0,30.974
1626.0,100.94693974263451
1643.0,73.16199999999999
1647.0,93.21749509617705
1652.0,113.13787661600263
1665.0,67.88699999999999
1676.0,123.51837642007608
1703.0,24.689
1705.0,2.384
1727.0,25.147000000000002
1731.0,4.025
1733.0,5.687999999999999
1784.0,11.878
1786.0,12.655000000000001
1791.0,21.958
1797.0,31.690999999999995
1816.0,24.660999999999998
1818.0,29.102999999999998
1880.0,24.071
1900.0,67.77099999999999
1910.0,32.720000000000006
1925.0,74.15299999999999
1943.0,13.055999999999997
1945.0,17.241999999999997
1954.0,30.375999999999998
1965.0,10.002000000000002
1978.0,32.005
1994.0,25.048999999999996
2007.0,8.463000000000001
2010.0,10.642999999999999
2029.0,44.096999999999994
2031.0,10.864
2036.0,16.15
2046.0,37.85
2052.0,54.648
2055.0,14.855
2058.0,18.241
2061.0,20.191
2062.0,25.171
2067.0,29.028000000000002
2074.0,47.27299999999999
2075.0,47.98299999999999
2090.0,35.491
2091.0,41.864999999999995
2093.0,46.124
2117.0,46.897000000000006
2133.0,34.745
2135.0,40.334999999999994
2144.0,60.372
2160.0,50.41799999999999
2168.0,68.476
2182.0,2.184
2207.0,4.779999999999999
2219.0,22.262000000000004
2244.0,25.939
2274.0,37.956
2278.0,48.696000000000005
2285.0,18.532000000000004
2292.0,29.405
2297.0,42.46
2331.0,22.157
2333.0,24.842000000000002
2343.0,49.75
2347.0,67.321
2361.0,33.639
2375.0,78.94999999999999
2382.0,34.836
2388.0,48.647
2394.0,65.78599999999999
2395.0,68.136
2404.0,112.80990610067734
2420.0,84.50699999999999
2425.0,106.8481854672038
2429.0,123.04566717630397
2432.0,4.398999999999999
2442.0,17.39
2444.0,21.731999999999996
2452.0,29.352999999999998
2455.0,33.268
2470.0,12.362
2477.0,22.938
2485.0,32.109
2487.0,34.303999999999995
2504.0,21.005000000000003
2508.0,27.466999999999995
2522.0,41.499
2524.0,7.628
2547.0,42.86300000000001
2548.0,43.17
2566.0,28.581
2572.0,46.565999999999995
2585.0,18.675
2596.0,33.238
2601.0,48.97
2604.0,53.507000000000005
2606.0,55.56999999999999
2612.0,65.35499999999999
2616.0,22.005999999999997
2622.0,29.407999999999998
2628.0,43.876
2631.0,48.74
2639.0,81.68512260908734
2649.0,28.04
2655.0,42.977000000000004
2657.0,47.731
2669.0,78.23905503977831
2672.0,88.09105099529455
2676.0,94.48523980178194
2677.0,95.27767337662982
2678.0,34.172000000000004
2687.0,49.61
2699.0,93.68133793306853
2703.0,98.1141503036389
2713.0,47.090999999999994
2716.0,54.827
2726.0,91.79986127744216
2736.0,123.84416924205684
2746.0,3.1199999999999997
2766.0,22.730999999999998
2807.0,22.621999999999996
2813.0,30.401999999999997
2827.0,6.172000000000001
2828.0,7.199
2845.0,19.117
2849.0,23.432
2852.0,27.933999999999997
2879.0,20.037
2898.0,39.524
2904.0,8.597
2905.0,8.667
2909.0,11.461000000000002
2919.0,21.574
2924.0,25.935000000000002
2927.0,28.756999999999998
2932.0,34.612
2953.0,15.506
2968.0,30.789000000000005
2984.0,54.9
2995.0,25.483999999999998
3013.0,47.05
3015.0,48.927
3017.0,56.94199999999999
3063.0,95.7477539479469
3070.0,24.421000000000003
3097.0,78.229
3103.0,99.77142083273587
3111.0,27.615
3114.0,30.759999999999998
3116.0,36.968
3120.0,44.19799999999999
3128.0,57.022000000000006
3140.0,100.35454660502269
3177.0,26.840999999999998
3178.0,28.092000000000002
3184.0,34.96399999999999
3188.0,46.748000000000005
3205.0,14.159
3208.0,18.383
3212.0,23.016000000000002
3228.0,40.415000000000006
3268.0,44.357
3295.0,31.179000000000002
3311.0,53.258
3317.0,11.645
3321.0,16.561
3322.0,17.139000000000003
3328.0,24.994999999999997
3332.0,31.847
3334.0,33.081
3344.0,53.916999999999994
3348.0,62.07100000000001
3356.0,12.780000000000001
3405.0,31.036
3419.0,56.149
3426.0,69.508
3436.0,94.3492727283236
3437.0,24.145999999999997
3455.0,56.84599999999999
3467.0,96.1134842219365
3468.0,99.2350840928315
3476.0,121.06298858391408
3481.0,31.355
3485.0,38.65899999999999
3488.0,45.653999999999996
3490.0,47.590999999999994
3492.0,52.8
3493.0,53.781000000000006
3494.0,57.501999999999995
3532.0,64.136
3569.0,7.412999999999999
3572.0,13.282
3579.0,25.73
3586.0,35.339999999999996
3597.0,53.483000000000004
3601.0,-2.0
3607.0,6.228999999999999
3613.0,14.961000000000002
3617.0,18.782999999999998
3619.0,23.613
3655.0,18.699999999999996
3657.0,20.014000000000003
3660.0,28.477999999999998
3661.0,28.371999999999996
3662.0,27.607999999999997
3681.0,52.21900000000001
3691.0,19.292
3723.0,57.614999999999995
3728.0,15.913
3753.0,54.24100000000001
3776.0,32.88000000000001
3781.0,45.001999999999995
3791.0,51.681
3795.0,62.757000000000005
3796.0,63.23
3801.0,70.521
3804.0,81.92
3805.0,81.92
3817.0,42.031
3823.0,54.754999999999995
3827.0,64.81899999999999
3829.0,74.97373358959305
3831.0,81.96720538403288
3836.0,83.84799999999998
3842.0,112.20151905440889
3868.0,81.616
3887.0,153.0418035847173
3918.0,138.10086796768957
3919.0,139.74539971293117
3921.0,149.98382744583046
3924.0,172.42217291228127
3939.0,61.839
3940.0,66.39399999999999
3941.0,70.05499999999999
3943.0,81.7355160355334
3946.0,96.85060098981424
3950.0,116.1450907372126
3954.0,134.4278986710653
3962.0,181.9116022288026
3965.0,196.15785416211776
3966.0,194.39409548774552
3977.0,8.427000000000001
3989.0,27.532000000000004
4004.0,46.04299999999999
4010.0,5.3839999999999995
4026.0,30.569
4028.0,32.248
4035.0,44.343
4066.0,35.910999999999994
4069.0,44.337
4084.0,9.056000000000001
4087.0,16.365999999999996
4110.0,57.678999999999995
4125.0,20.749999999999996
4129.0,25.880999999999993
4143.0,55.225
4145.0,69.23299999999999
4146.0,76.23796710565698
4153.0,83.9924981055538
4182.0,72.711
4201.0,40.779
4208.0,56.04600000000001
4214.0,76.71999999999998
4248.0,81.22057845825991
4257.0,103.57771829837448
4267.0,42.54100000000001
4282.0,90.82095881237043
4288.0,95.97511212176833
4294.0,130.85403253455064
4295.0,130.78717410388813
4303.0,48.181
4312.0,72.77799999999999
4313.0,74.46799999999999
4314.0,75.8576073302485
4327.0,133.74286217844562
4333.0,160.5171986420017
4351.0,13.699000000000002
4353.0,20.332
4355.0,25.348999999999997
4356.0,27.608999999999998
4367.0,41.49399999999999
4377.0,62.80499999999999
4380.0,71.39
4389.0,15.190000000000001
4398.0,31.360000000000003
4403.0,39.38
4404.0,38.744
4426.0,15.504000000000001
4427.0,15.290000000000001
4440.0,38.342
4456.0,66.789
4479.0,33.738
4499.0,72.439
4509.0,31.862999999999992
4526.0,62.511
4535.0,86.72419843402339
4540.0,100.51590378985514
4557.0,48.15500000000001
4562.0,55.357000000000006
4564.0,65.44399999999999
4567.0,68.25399999999999
4575.0,95.73136029089987
4576.0,98.81760549594756
4583.0,131.24052399755965
4602.0,70.227
4625.0,163.60893096414975
4630.0,51.351
4649.0,113.58068463896416
4653.0,132.35652965599735
4657.0,150.09321328593379
4659.0,163.38673343020636
4660.0,168.5396925916006
4661.0,165.02974653069336
4667.0,202.29108537942162
4668.0,48.205
4672.0,62.463
4679.0,78.64657282237738
4683.0,95.23162787635586
4688.0,122.88351754975183
4695.0,163.13868856220262
4697.0,176.8797113254138
4705.0,233.18399684183993
4706.0,231.60305582903774
4742.0,26.708000000000006
4747.0,31.653999999999996
4751.0,-0.7769999999999999
4758.0,5.321
4764.0,10.239999999999998
4778.0,20.58
4783.0,25.734
4796.0,4.849
4799.0,7.103
4802.0,8.379
4814.0,18.96
4819.0,21.628
4821.0,24.918000000000003
4836.0,5.711
4843.0,10.442
4853.0,18.785000000000004
4854.0,20.596000000000004
4855.0,21.722
4863.0,29.746
4872.0,37.303000000000004
4895.0,24.778
4909.0,42.884
4914.0,11.551
4935.0,27.317
4941.0,35.0
4948.0,48.032000000000004
4954.0,50.85299999999999
4956.0,13.720999999999998
4979.0,43.098
4990.0,62.225
4991.0,65.949
4998.0,19.121999999999996
5001.0,21.009999999999998
5012.0,35.972
5020.0,59.205000000000005
5023.0,62.11200000000001
5049.0,36.41799999999999
5067.0,72.9369922061974
5076.0,103.44753384875348
5089.0,39.742
5092.0,43.096999999999994
5105.0,79.936
5107.0,85.9708825247694
5108.0,91.00884114586493
5115.0,112.40399791208567
5133.0,16.219
5148.0,31.395999999999997
5155.0,36.655
5159.0,4.88
5179.0,24.702
5181.0,26.563
5207.0,18.842
5216.0,32.027
5232.0,6.892
5238.0,16.089999999999996
5255.0,33.771
5267.0,9.523
5277.0,20.526999999999997
5282.0,27.99
5313.0,23.221
5327.0,44.617999999999995
5341.0,16.789
5384.0,34.796
5391.0,49.42899999999999
5393.0,52.867999999999995
5395.0,49.436
5399.0,57.413
5404.0,77.50399999999999
5407.0,83.407
5417.0,32.346
5425.0,50.69799999999999
5448.0,109.30544454659237
5458.0,53.487
5479.0,106.59470573082933
5480.0,107.11439123761329
5482.0,116.20557283548021
5483.0,110.92446378298294
5496.0,9.11
5500.0,16.325000000000003
5502.0,18.52
5509.0,27.092000000000002
5515.0,35.4
5529.0,5.478
5554.0,38.840999999999994
5570.0,11.146
5574.0,19.292
5581.0,31.048999999999996
5584.0,34.477
5604.0,9.236999999999998
5619.0,34.882999999999996
5620.0,39.01
5624.0,45.70899999999999
5625.0,44.026999999999994
5629.0,50.628
5637.0,11.797
5647.0,26.494
5656.0,43.64
5664.0,60.105
5675.0,17.429
5680.0,22.384999999999998
5697.0,58.60300000000001
5717.0,31.649
5727.0,53.798
5733.0,66.80799999999999
5741.0,89.45688736517076
5755.0,40.169
5774.0,94.95008273507729
5787.0,42.464999999999996
5811.0,113.59576502086216
5818.0,141.40910666564122
5882.0,37.88499999999999
5891.0,52.18000000000001
5892.0,56.379
5907.0,19.206
5917.0,36.83
5919.0,40.011999999999986
5921.0,46.304
5934.0,4.637
5976.0,16.678
5982.0,25.167
6002.0,68.459
6008.0,12.263
6015.0,23.527
6022.0,40.973
6031.0,70.66900000000001
6043.0,99.52574354541203
6063.0,57.56600000000001
6078.0,110.39135064675865
6101.0,78.16499999999999
6105.0,94.66797539458945
6106.0,99.88345518127501
6120.0,37.866
6121.0,39.114999999999995
6126.0,46.257
6132.0,69.736
6142.0,107.18853991674337
6165.0,79.3687771624647
6176.0,121.19222466556383
6180.0,136.08498690180346
6192.0,63.407999999999994
6194.0,69.006
6197.0,74.699
6214.0,147.55521563805118
6222.0,188.31745639622392
6232.0,2.64
6233.0,2.937
6247.0,10.028
6259.0,8.048
6262.0,9.906
6263.0,10.366000000000001
6268.0,2.518
6274.0,6.508
6280.0,9.75
6291.0,5.851
6311.0,7.196
6314.0,10.924
6319.0,20.44
6325.0,5.960000000000001
6334.0,17.708
6336.0,20.647000000000002
6350.0,18.235999999999997
6351.0,17.973
6356.0,27.520999999999997
6358.0,30.233999999999998
6365.0,9.746
6393.0,31.440999999999995
6411.0,4.933
6416.0,5.9110000000000005
6431.0,12.59
6434.0,14.437999999999999
6464.0,11.968999999999998
6469.0,14.336000000000002
6475.0,1.8059999999999998
6492.0,8.288
6495.0,9.889
6501.0,13.486999999999998
6511.0,2.156
6518.0,4.793000000000001
6526.0,7.4780000000000015
6531.0,10.775
6541.0,18.962
6563.0,11.214000000000002
6569.0,14.286000000000001
6573.0,16.872
6578.0,22.409
6581.0,22.859
6586.0,5.086
6589.0,5.730000000000001
6590.0,5.765000000000001
6592.0,6.733
6596.0,10.088999999999997
6603.0,14.084999999999999
6621.0,26.025000000000006
6630.0,12.428999999999998
6633.0,16.237000000000002
6634.0,16.237000000000002
6635.0,17.202
6648.0,27.788
6708.0,24.181
6723.0,40.788000000000004
6732.0,49.172999999999995
6737.0,15.661999999999997
6756.0,37.861000000000004
6766.0,52.463
6778.0,11.009
6805.0,10.005
6814.0,26.082000000000004
6820.0,12.903
6845.0,12.370999999999999
6848.0,17.631999999999998
6853.0,27.408999999999992
6854.0,34.659000000000006
6866.0,28.472999999999995
6893.0,32.835
6894.0,33.825
6903.0,70.242
6908.0,4.561
6921.0,1.674
6923.0,4.828000000000001
6935.0,2.93
6936.0,4.016
6939.0,8.712
6941.0,11.692
6968.0,12.700999999999999
7004.0,36.33800000000001
7028.0,33.053999999999995
7030.0,37.235
7053.0,18.687999999999995
7057.0,24.436
7058.0,26.629
7075.0,21.571999999999996
7110.0,23.194
7112.0,27.232999999999993
7115.0,34.181000000000004
7118.0,39.823
7120.0,8.581
7122.0,10.459
7125.0,16.552
7128.0,21.197
7131.0,29.320999999999998
7163.0,21.297000000000004
7171.0,43.423
7174.0,47.74799999999999
7177.0,59.117
7182.0,24.505
7184.0,29.108999999999998
7207.0,44.995999999999995
7210.0,54.782999999999994
7218.0,87.945
7227.0,10.11
7232.0,17.025
7237.0,25.09
7250.0,14.534999999999997
7252.0,17.125999999999998
7254.0,20.058
7260.0,2.886
7299.0,40.821999999999996
7301.0,9.351999999999999
7304.0,14.011
7308.0,20.647
7319.0,42.995999999999995
7323.0,17.352
7328.0,27.113000000000007
7333.0,42.48100000000001
7363.0,25.014999999999997
7379.0,79.25990903959874
