test_index,y_pred
2.0,3.2240495681762695
3.0,4.156125068664551
5.0,3.4104650020599365
6.0,4.015746593475342
12.0,4.409400939941406
24.0,4.1215128898620605
39.0,4.372567653656006
41.0,4.016222953796387
66.0,4.153082847595215
85.0,4.67568302154541
88.0,4.6248779296875
131.0,4.850305557250977
136.0,5.121228218078613
138.0,4.691736698150635
139.0,5.235350608825684
142.0,4.94956111907959
144.0,4.544888496398926
164.0,5.010225296020508
167.0,5.563819408416748
171.0,5.07420015335083
193.0,5.1176438331604
211.0,5.182645797729492
222.0,5.448047637939453
224.0,5.20555305480957
227.0,5.070699691772461
242.0,5.332878589630127
258.0,5.367987155914307
260.0,5.632748603820801
272.0,5.995909214019775
273.0,5.644305229187012
281.0,5.3254828453063965
290.0,5.437163829803467
294.0,5.5674004554748535
299.0,5.876204490661621
314.0,5.763294696807861
318.0,6.442735195159912
319.0,5.6037068367004395
321.0,5.622593402862549
325.0,5.916759490966797
328.0,5.737864971160889
333.0,5.458906650543213
348.0,5.7324066162109375
362.0,5.849803447723389
368.0,5.759131908416748
375.0,5.205088138580322
376.0,5.99867057800293
393.0,5.995504856109619
409.0,5.810311317443848
424.0,5.97029972076416
436.0,5.646968364715576
440.0,6.17915678024292
442.0,5.841917037963867
445.0,6.048897743225098
458.0,6.2751545906066895
467.0,5.16154670715332
503.0,6.964420318603516
505.0,6.121568202972412
531.0,6.03795862197876
536.0,6.2115654945373535
542.0,6.398535251617432
547.0,6.091645240783691
549.0,6.255653381347656
553.0,6.517155647277832
558.0,5.982325077056885
571.0,6.254123210906982
573.0,6.30583381652832
579.0,6.643288612365723
581.0,6.643288612365723
594.0,6.4011054039001465
605.0,6.684866905212402
615.0,6.271289825439453
622.0,5.982705116271973
630.0,6.3464741706848145
636.0,6.581493377685547
649.0,6.529512882232666
661.0,6.341432094573975
664.0,6.597590446472168
672.0,6.527423858642578
714.0,6.289155006408691
723.0,6.400466442108154
724.0,6.259242534637451
771.0,6.745343208312988
772.0,6.78139066696167
780.0,6.808588027954102
807.0,6.355195045471191
811.0,6.335999488830566
817.0,6.619016170501709
832.0,6.699552059173584
836.0,6.7816948890686035
881.0,6.9754109382629395
887.0,6.661282539367676
892.0,6.67587423324585
893.0,6.931051731109619
901.0,7.141894340515137
914.0,6.647252082824707
931.0,7.150174140930176
932.0,7.248814105987549
941.0,6.6808552742004395
962.0,7.291712760925293
987.0,7.085261821746826
1005.0,7.398098468780518
1009.0,6.984772205352783
1010.0,7.183684349060059
1013.0,6.706540107727051
1030.0,7.379217624664307
1033.0,7.096712112426758
1049.0,7.170211315155029
1052.0,7.320831298828125
1063.0,6.692577838897705
1083.0,7.306341171264648
1085.0,7.183902740478516
1090.0,6.731973171234131
1096.0,7.323948860168457
1103.0,7.062587738037109
1116.0,7.234894275665283
1121.0,7.633376598358154
1137.0,7.447994232177734
1159.0,8.229988098144531
1168.0,7.493597030639648
1193.0,7.527091026306152
1205.0,7.529665946960449
1206.0,7.682830333709717
1211.0,6.930147171020508
1222.0,7.675939083099365
1234.0,7.886178970336914
1237.0,7.427314281463623
1245.0,7.6075849533081055
1251.0,7.912888050079346
1281.0,8.578752517700195
1298.0,8.724687576293945
1303.0,8.414310455322266
1319.0,7.480062484741211
1320.0,8.045764923095703
1322.0,7.772519588470459
1323.0,7.92019510269165
1325.0,7.969183444976807
1335.0,7.665212631225586
1344.0,7.906785011291504
1347.0,7.887878894805908
1353.0,8.192010879516602
1379.0,8.177757263183594
1386.0,8.284871101379395
1392.0,7.58829927444458
1395.0,8.455845832824707
1403.0,7.149703502655029
1421.0,8.630117416381836
1424.0,8.44259262084961
1428.0,8.305500984191895
1432.0,8.559328079223633
1464.0,8.312385559082031
1475.0,8.609302520751953
1503.0,9.141740798950195
1531.0,8.690475463867188
1538.0,8.875815391540527
1547.0,8.409771919250488
1551.0,9.726151466369629
1555.0,8.631423950195312
1558.0,8.987125396728516
1569.0,8.523042678833008
1574.0,9.379044532775879
1587.0,9.195685386657715
1589.0,10.116283416748047
1606.0,9.388692855834961
1632.0,9.84493350982666
1633.0,10.110079765319824
1634.0,8.896300315856934
1635.0,11.056966781616211
1646.0,9.989974975585938
1659.0,11.057771682739258
1666.0,10.127426147460938
1672.0,9.801508903503418
1679.0,11.746967315673828
1700.0,10.142997741699219
1723.0,10.811275482177734
1727.0,11.30180835723877
1733.0,11.476040840148926
