test_index,y_pred
8.0,-0.8504373995243135
11.0,-0.6255216708839466
15.0,-0.8777370432939176
33.0,-1.0017846890061115
44.0,-0.9385919632252762
46.0,-0.611562706435496
59.0,-0.6401099968582571
63.0,-0.7364036068721429
98.0,-0.7094402166852962
122.0,-0.82476272262425
129.0,-0.4241749493245272
143.0,-0.8191316499876891
147.0,-0.6983303296896199
163.0,-0.4031847847296408
179.0,-0.5104852553722043
181.0,-0.5498912380434273
213.0,-0.699206199857807
227.0,-0.2124253350941858
240.0,-0.1670540846631665
245.0,-0.493302371733991
247.0,-0.614344550887834
257.0,-0.4676700025748097
262.0,-0.8455376064561912
279.0,-0.500173059649784
280.0,-0.5196295628822192
284.0,-0.5113104793840186
297.0,-0.5266968091114848
301.0,-0.9908683780400552
303.0,-0.880980714497797
320.0,-0.5061287197274265
321.0,-0.3761239559932772
333.0,-0.6955602847357376
373.0,-0.6806612067715889
399.0,-1.0017846890061115
407.0,-0.7786450110217977
409.0,-0.3617640134462032
420.0,-0.7564046819621533
426.0,-0.943230227406989
435.0,-0.7891902295799227
439.0,-0.7654074356035654
440.0,-0.6806612067715889
447.0,-0.714261907475553
467.0,-0.8427763756683575
473.0,-0.8048610637098683
477.0,-0.4793903818051799
482.0,-0.6806612067715889
521.0,-0.1882781266132704
523.0,-0.4487580384332545
526.0,-0.1935518943235088
530.0,-0.0445309548100363
549.0,-0.2154215052202994
553.0,-0.5116986050523362
558.0,-0.5395544700756947
577.0,-0.459597096637319
585.0,-0.4780798636197154
586.0,-0.4573827122496787
587.0,-0.4404798170611883
588.0,-0.4661186923458587
590.0,-0.4006032200780574
612.0,-0.4715602168765276
635.0,-0.4404798170611883
641.0,-0.5424760505774344
655.0,-0.5300316602227486
676.0,-0.5747794511147717
691.0,-0.5182515871125783
702.0,-0.4492097672148301
710.0,-0.3816764795659217
728.0,-0.5036281481920071
730.0,-0.5477492419308607
742.0,-0.5094244388988223
752.0,-0.4269410965670257
754.0,-0.3661880288759747
767.0,-0.459597096637319
771.0,-0.4115483805396742
772.0,-0.4607319432060297
781.0,-0.3585990397228471
783.0,-0.3878702595002448
786.0,-0.5191202798270762
805.0,-0.4287001529388945
836.0,-0.5300316602227486
840.0,-0.3555922783634031
864.0,-0.4607522355252058
865.0,-0.5512882985360061
907.0,-0.8467528455561233
933.0,-0.309812257179094
934.0,-0.5043988664270973
936.0,-0.3144092737399404
953.0,-0.4675536117242185
960.0,-0.8504373995243135
966.0,-0.6962693587596522
977.0,-0.7008319084158483
1002.0,-0.66982826997031
1009.0,-0.5852941362612842
1021.0,-0.5751739793858484
1026.0,-0.8593180510832834
1032.0,-0.6569270050891056
1039.0,-0.7703737372135144
1040.0,-0.6550912767301771
1042.0,-0.7703737372135144
1069.0,-0.7845221917894154
1073.0,-0.6543929370176809
1078.0,-0.6462225523360807
1092.0,-0.7559273697678517
1110.0,-0.5236313866548397
1118.0,-0.5404398922269777
1129.0,-0.4495899130171015
1154.0,-0.3659781178263266
1158.0,-0.570053681505998
1163.0,-0.8074735933484174
1166.0,-0.6732217093145128
1171.0,-0.6046557768678742
1183.0,-0.2775584792084089
1186.0,-0.4762880307425288
1193.0,-0.5881639904050573
1206.0,-0.539825761573411
1208.0,-0.3911896094570668
1209.0,-0.3911896094570668
1215.0,-0.3322123909967107
1220.0,-0.3744346933176139
1235.0,-0.1945957945579897
1250.0,-0.2292529843687614
1265.0,-0.3911896094570668
1272.0,-0.4182298741164132
1302.0,-0.2853085682627512
1310.0,-0.3727529013371402
1322.0,-0.3085953373007033
1324.0,-0.2187844872597661
1330.0,-0.3063884455083627
1335.0,-0.3110538145036479
1339.0,-0.2568032928332764
1351.0,-0.3063884455083627
1370.0,-0.6255216708839466
1397.0,-0.7364036068721429
1409.0,-0.6206670749569003
1428.0,-0.7020288682646019
1446.0,-0.477733499965197
1454.0,-0.4675347048440166
1458.0,-0.4847351973394964
1462.0,-0.5629117882378036
1486.0,-0.4693299109692255
1490.0,-0.3816764795659217
1492.0,-0.4695225495924564
1521.0,-0.3816764795659217
1565.0,-0.4037533651362857
1566.0,-0.1567582432343393
1568.0,-0.4891788728762369
1584.0,-0.5116986050523362
1604.0,-0.4081661533353404
1617.0,-0.588823673731655
1620.0,-0.399537408474889
1632.0,-0.5613522009433414
1633.0,-0.5043988664270973
1643.0,-0.5561922499857541
1663.0,-0.3475283502914053
1683.0,-0.3784666750646588
1694.0,-0.5927910346676004
1695.0,-0.5561922499857541
1703.0,-0.3936775415799918
1706.0,-0.5355336828766468
1713.0,-0.4269198497350306
1718.0,-0.2357260358466861
1726.0,-0.8467528455561233
1728.0,-0.6616413822545404
1733.0,-0.5280643179620625
1737.0,-0.4817117012297611
1750.0,-0.6614526079264333
1766.0,-0.685256087047831
1770.0,-0.7475994221387836
1778.0,-0.7142164324713178
1785.0,-0.5998840843773454
1790.0,-0.5350416773680582
1798.0,-0.6713295591003536
1805.0,-0.6411672278926233
1807.0,-0.5761758848588432
1835.0,-0.5350416773680582
1844.0,-0.5260708221975623
1852.0,-0.7607329272842005
1861.0,-0.7733948392655421
1870.0,-0.8991597736472858
1871.0,-0.4571817677385805
1876.0,-0.7294090144812841
1885.0,-0.7491033767847881
1888.0,-0.6174910727518164
1897.0,-0.8448587585181659
1905.0,-0.9983191205580884
1916.0,-0.8988417456002118
1925.0,-0.7294090144812841
1927.0,-0.8586447291289385
1949.0,-0.8991597736472858
1961.0,-0.24254470480763848
1964.0,-0.3125948594989198
1966.0,-0.2779751431950608
2004.0,-0.468658822295195
2022.0,-0.500321703079333
2026.0,-0.500321703079333
2031.0,-0.4507830921652029
2035.0,-0.7126162078571312
2042.0,-0.578733753239991
2047.0,-0.500321703079333
2051.0,-0.500321703079333
2053.0,-0.5900330776186049
2056.0,-0.5171440138202517
2057.0,-0.5839984214640683
2058.0,-0.6139493389607207
2060.0,-0.6060680345271887
2065.0,-0.5561686131852408
2082.0,-0.7127838782992235
2109.0,-0.4058973536303476
2116.0,-0.7684173594611838
2125.0,-0.8766619380332958
2135.0,-0.5739187731257545
2139.0,-0.8405181734018239
2157.0,-0.5681364417821078
2163.0,-0.6370118707383803
2166.0,-0.6610506157497511
2181.0,-0.4952521663064679
2183.0,-0.3991761523462749
2197.0,-0.2684187733761964
2198.0,-0.3991761523462749
2199.0,-0.6698445804695599
2202.0,-0.5033640467546885
2203.0,-0.6024776211877256
2216.0,-0.7597139934162751
2221.0,-0.8673523468954158
2252.0,-0.8714508458752004
2266.0,-0.5260708221975623
2272.0,-0.7767058935246087
2273.0,-0.5141824147303051
2275.0,-0.4553377755461909
2283.0,-0.9908683780400552
2292.0,-0.8238480191747222
2315.0,-1.0765779151262045
2330.0,-0.1341020060494209
2345.0,-0.240246922039808
2360.0,-0.1935518943235088
2361.0,-0.2377099118151431
2402.0,-0.4571817677385805
2403.0,-0.5564716477540621
2404.0,-0.7573570811021071
2415.0,-0.8504373995243135
2434.0,-0.7218200438450744
2452.0,-0.6312314316890699
2457.0,-0.5681364417821078
2460.0,-0.8526020145675037
2461.0,-0.7444914940541629
2462.0,-0.7218200438450744
2463.0,-0.7132752285898558
2475.0,-0.7683150724641479
2479.0,-0.6746506743537122
2486.0,-0.8269691491251141
2499.0,-1.1390813482979727
2503.0,-0.7464328386136589
2504.0,-0.7774573122671384
2508.0,-0.6184224430020961
2509.0,-0.6786836421146454
2511.0,-0.6110454521581765
2526.0,-0.7026693826450927
2533.0,-0.6579102756175139
2544.0,-0.6795825415258063
2561.0,-0.4564220942057186
2573.0,-0.7972937881522917
2580.0,-0.5681364417821078
2583.0,-0.6709826848275062
2613.0,-0.8454324559145814
2617.0,-0.6559690059335956
2618.0,-0.5433567118006462
2625.0,-0.7419806732243686
2627.0,-0.8273564438622749
2634.0,-0.4103032999584339
2636.0,-1.0309237818720316
2655.0,-0.5810710869854798
2675.0,-0.6524595805690971
2679.0,-0.7419806732243686
2690.0,-0.4495899130171015
2696.0,-0.7464328386136589
2698.0,-1.4304722936279486
2707.0,-0.72937072212952
2713.0,-0.7361050931645075
2734.0,-0.7867290540020342
2740.0,-0.3874533007310159
2743.0,-0.2306951410781712
2771.0,-0.5597511291777497
2781.0,-0.4889739892668281
2786.0,-0.6101453905784258
2804.0,-1.0836180536977975
2811.0,-0.8074735933484174
2820.0,-0.7593686670399471
2832.0,-0.567306363849104
2837.0,-0.4747987380081095
2838.0,-0.5659185087399781
2849.0,-0.7051886467985451
2853.0,-0.8940898692239436
2874.0,-0.8245929123817586
2881.0,-0.7687331879434645
2900.0,-0.8940898692239436
2903.0,-0.4036911143841015
2929.0,-0.3289416079984875
2935.0,-0.4191837231025115
2936.0,-0.4706898640273369
2950.0,-0.5057900356759664
2956.0,-0.6797384001087057
2993.0,-0.5561686131852408
3018.0,-0.3116058861904331
3022.0,-0.3661880288759747
3027.0,-0.2854329599027672
3050.0,-0.3110538145036479
3063.0,-0.4880254866046964
3068.0,-0.3661880288759747
3086.0,-0.3879621368771868
3092.0,-0.4891788728762369
3101.0,-0.1594752879427847
