test_index,y_pred
11.0,-12.742996718945346
18.0,61.95071724959114
84.0,-18.360375624242646
85.0,-29.777302557248685
101.0,-20.978790463814743
113.0,-79.83714124329738
118.0,-109.14428090784061
125.0,201.66183096187928
128.0,-2.2134578072473903
132.0,-30.129687459862065
150.0,-78.06932662944799
155.0,74.44814040795238
164.0,5.792917326244311
197.0,-70.34577950605065
216.0,-45.0533450040785
260.0,-174.9575161451633
269.0,-10.554182276115466
275.0,-119.77389211292162
281.0,62.30892878657203
286.0,-66.9608042358446
290.0,94.73902498453974
300.0,-125.17438097068369
302.0,7.657566167263827
303.0,4.274453392308192
304.0,-52.9706996486886
307.0,-37.91314206426916
310.0,-50.28585148681493
312.0,34.47274474981412
327.0,-105.94538008663342
344.0,-50.80034002438021
360.0,90.32900594078198
383.0,-46.55927447056167
396.0,-24.574911987994323
426.0,-70.37416864697441
453.0,-22.3952053580942
454.0,-214.46070744174614
459.0,-27.555414006908745
484.0,-40.43119891016244
488.0,-101.0708061586334
489.0,6.71642289563572
493.0,94.79928689716728
494.0,-136.53046169883675
510.0,-17.573761466988866
512.0,3.670726646635036
516.0,75.66235014121564
574.0,-32.87833089143357
575.0,-44.2080517044081
584.0,25.221850978456064
604.0,-58.40336354795006
619.0,-85.29448349008733
628.0,19.941724183166503
629.0,-28.065097070502883
664.0,12.24585952469754
668.0,-58.80631035781216
686.0,-88.49407198089246
687.0,-78.30028187776902
690.0,164.8287416585917
692.0,21.373743649430867
703.0,-49.0048677553096
710.0,9.914665347845403
724.0,-33.172563070395945
735.0,-48.81243977718538
743.0,38.397447884122066
745.0,11.933891036010142
780.0,-56.786147665790686
782.0,-75.55769265558975
796.0,127.60359611231085
813.0,-10.16449962013139
815.0,-40.48984798105159
821.0,-40.555115068706364
827.0,-52.24764708481809
841.0,-90.00844941346948
843.0,154.95516001413324
850.0,13.341969775698022
885.0,-66.31014179203596
891.0,-79.84586371139751
916.0,85.34613539447689
918.0,-59.36957760450884
941.0,-1.241235848463997
961.0,-18.876761158619797
967.0,-121.19015481558138
968.0,62.41429637906884
971.0,-58.58940270824946
973.0,-54.76495670834522
974.0,-33.3345531881592
986.0,-84.55707183914599
1000.0,-160.65718594174842
1008.0,63.52149655818385
1009.0,-168.71873578441802
1014.0,45.25658769217892
1024.0,13.782452148080825
1026.0,-31.291766715320318
1031.0,-3.154470979576739
1033.0,206.51417685239022
1043.0,119.6554010917843
1058.0,105.34414912706113
1062.0,-19.319243983598493
1076.0,-269.24052352336577
1088.0,-28.720424106843506
1092.0,-82.79108231597077
1099.0,-164.21735025685604
1112.0,33.45552671369688
1125.0,46.210751242363976
1130.0,-77.08874665959418
1142.0,156.82131184918018
1144.0,-141.93289523866298
1156.0,-11.884759037216394
1177.0,53.21001486619928
1182.0,10.7467745394835
1184.0,68.15364347432903
1198.0,133.7817385779244
1201.0,-17.694758492087157
1207.0,28.714735721465036
1208.0,-7.094309378010916
1216.0,-178.78897226417467
1227.0,-96.33312510302842
1229.0,7.620946825767238
1239.0,-73.43174647443705
1241.0,-95.76538174027503
1243.0,-43.96277364232635
1244.0,-20.58789628200368
1246.0,-127.96704228371534
1274.0,34.15880957571215
1280.0,-77.66658900354612
1290.0,-65.47114267592617
1299.0,-34.02226612413512
1302.0,-71.44300351622344
1307.0,-42.34802914580889
1310.0,-39.54894449991475
1316.0,58.333219095888175
1317.0,-6.316278716529563
1323.0,-25.369323652025354
1326.0,-94.56353437319042
1327.0,7.617704288039636
1329.0,-122.89570997843869
1347.0,-63.959581437521884
1354.0,-12.91135195501904
1359.0,-77.47571394726522
1364.0,21.5931307464479
1367.0,-93.80650944687416
1381.0,-47.177342684682635
1384.0,-6.693893751827385
1388.0,-46.62180103391922
1390.0,14.528526704984575
1404.0,-20.7451138340851
1418.0,215.17574789495433
1437.0,-51.04041943143404
1447.0,33.40642826700121
1451.0,63.32227155011736
1472.0,-7.57865033966284
1517.0,-193.72073524986428
1520.0,-84.87766542115772
1536.0,-114.37161645815634
1552.0,-34.51326404435151
1557.0,7.4136236188839355
1582.0,9.034601701919588
1593.0,-138.55872939508123
1605.0,10.334606909101627
1607.0,-2.3922064645876833
1609.0,45.77066582914352
1616.0,-98.33206613448813
1618.0,22.82397958965719
1656.0,185.76721958108436
1667.0,103.7015614611942
1670.0,187.5696240473232
1679.0,17.910771414147735
1684.0,-135.31392643618545
1690.0,29.275871906003022
1692.0,51.7723635215471
1735.0,-162.32105450753903
1746.0,269.12663014040976
1747.0,230.60308238018087
1750.0,-63.34338830358622
1758.0,66.78307596697589
1760.0,-115.56669485108371
1763.0,32.98167801984953
