test_index,y_pred
0.0,9.300528604025889
7.0,10.826060357255399
25.0,7.725721330610764
31.0,13.748508447815603
61.0,9.71753192267514
65.0,9.848346889599675
67.0,13.86103371443186
88.0,10.694901551154583
141.0,10.518774615017406
155.0,10.662476335576393
162.0,12.209002139860896
173.0,11.404139320084345
176.0,5.285541685709964
178.0,5.266678338021055
195.0,11.948189287937527
198.0,11.626077635195099
209.0,6.670344688594268
218.0,11.0148408900711
219.0,7.962808466517551
221.0,6.787820991013929
246.0,5.978492994076527
247.0,6.730500388335942
254.0,11.760155342716974
258.0,11.725457138037626
259.0,12.167508552562916
274.0,12.695733869957193
278.0,14.264109126734159
283.0,10.924452783071992
288.0,8.48575970302363
324.0,6.757694722480727
331.0,8.117516805865371
343.0,9.00086859276057
346.0,11.676334655070246
370.0,11.71379889583977
378.0,12.48574965366164
382.0,10.383349272961288
383.0,10.729221232824564
386.0,10.634506923114584
422.0,7.550653900595537
423.0,5.767213233140712
430.0,11.028429309472688
436.0,6.489870138019322
468.0,17.644676279437746
479.0,14.92247727981657
485.0,12.278726556406886
491.0,12.110415578927714
500.0,13.049566025116793
506.0,12.646780414575666
507.0,13.046879987326738
528.0,8.681830169244463
532.0,7.474112102083777
543.0,8.24259488076771
549.0,11.365646240256151
554.0,9.94168102205392
557.0,10.103258640839886
561.0,10.955812483922681
570.0,9.083426624046789
572.0,13.856940829263863
578.0,12.135435314527196
581.0,12.0783990236974
604.0,8.237854914672045
610.0,7.40565157792402
612.0,5.410853209692778
621.0,9.845775413755948
631.0,8.046376114137633
644.0,6.652546331237206
668.0,13.193084252565498
678.0,10.358536510231943
679.0,6.783766811706057
700.0,7.602002060105909
712.0,5.8900791282928715
721.0,12.563746869201152
727.0,10.22452321568292
729.0,8.685426185847145
752.0,13.10320908350166
781.0,11.221230000112664
787.0,10.96494684972942
818.0,6.449442624891423
839.0,9.329221320057634
840.0,10.870056571932503
841.0,10.4169025544614
847.0,10.84613245208387
874.0,12.987093666070123
883.0,14.894164572397404
905.0,5.3769789193339275
923.0,7.741230835824542
927.0,8.466941195299313
929.0,9.064388104343083
948.0,8.33202559941044
952.0,9.512120449423623
965.0,11.517650838701918
985.0,12.627232182017607
1011.0,12.868006850748078
1023.0,13.859384842155805
1027.0,11.836100586467378
1071.0,6.994348817721112
1074.0,6.638468964747272
1075.0,8.70842849872462
1084.0,8.183771722024773
1091.0,6.605130502307992
1095.0,8.873843698526716
1105.0,9.361142078639316
1130.0,11.560314884750554
1135.0,12.477661491006117
1138.0,11.88949332079831
1171.0,12.26954602311537
1180.0,12.012474965064461
1192.0,11.593558001173893
1204.0,14.507295870699414
1207.0,15.098808117867815
1221.0,6.494728310764412
1226.0,6.825601280548208
1228.0,6.7783446171008475
1237.0,7.296885086177291
1261.0,8.342713825893512
1263.0,10.603368257715108
1272.0,9.528722314382776
1278.0,9.778907008146724
1288.0,9.060768115273305
1299.0,10.078495712239647
1320.0,12.040273610253678
1336.0,12.749481744645408
1340.0,12.947721874856214
1344.0,13.432399392592421
1356.0,12.4949408793641
1361.0,13.14574570903768
1366.0,11.92666640835423
1373.0,12.739381946411742
1391.0,12.021931248722058
1402.0,11.99936248413249
1411.0,12.679112402715646
1417.0,15.97549291816767
1427.0,11.919582388297913
1437.0,6.40529305974016
1448.0,9.010330573058521
1457.0,9.646176345221441
1461.0,9.199458571672023
1499.0,10.46510252243311
1505.0,12.471951646840843
1507.0,13.037653387030469
1513.0,11.636834823859559
1514.0,11.427099392146173
1515.0,11.633945403769907
1533.0,4.975025085833051
1537.0,6.276999175750941
1539.0,6.243516958428714
1543.0,6.7280940981272135
1552.0,7.535128065516398
1557.0,7.463257080625584
1558.0,7.203850072854211
1566.0,8.934845774516571
1586.0,9.965704201951553
1588.0,10.371220985592082
1610.0,10.801170972625659
1614.0,10.318360469216437
1618.0,10.476572520672928
1623.0,11.478764547606694
1627.0,13.68347972878347
1644.0,11.871617433531666
1650.0,8.288069049541491
1684.0,10.32388631545539
1729.0,13.967150364781194
1732.0,12.830627273750284
1739.0,13.03642143462797
1740.0,14.138409229728143
1745.0,13.90779564077619
1746.0,12.713828306681506
1754.0,13.97051766662722
1756.0,14.279901054934143
1765.0,7.049125432037675
1767.0,10.358188081950985
1777.0,12.01884238208374
1788.0,11.85784274605606
1791.0,13.471991609106514
1805.0,13.250972174971626
1812.0,10.200213982217441
1820.0,14.265758845118148
1839.0,7.486827472648714
1842.0,6.925157132872976
1850.0,8.652845727589881
1871.0,7.080057430689995
1882.0,11.76221028783575
1936.0,13.968359111096227
1940.0,13.387450917383845
1953.0,10.245172207314607
1960.0,12.897063649461257
1991.0,5.581099832166219
1992.0,5.4761605312116135
2016.0,9.630951446957576
2018.0,10.501392238250416
2024.0,10.15854185186604
2025.0,7.58441666066464
2037.0,5.787130525737654
2042.0,6.721517319720759
2053.0,8.977538153694535
2096.0,10.450255256727003
2097.0,7.369172899292976
2102.0,7.88452871330235
2132.0,9.128727075395961
2148.0,7.448391459348559
2153.0,6.049124254812593
2157.0,13.581656155859577
2166.0,7.577360399509735
2168.0,6.705332871924366
2171.0,5.534395435988493
2179.0,14.10688847908719
2181.0,9.29681124526631
2183.0,8.577280671902704
2206.0,6.105635634006074
2208.0,15.786039497617095
2212.0,13.684072851956051
2221.0,13.582453411268713
2222.0,13.817881975526628
2226.0,5.854518020573019
2227.0,5.276842667031948
2245.0,10.249533631919558
2256.0,8.454591977728377
2281.0,10.947581220098979
2285.0,7.599405837322915
2287.0,7.85029136149394
2288.0,6.676114729010212
2298.0,7.522002853206515
2304.0,12.87855276277413
2339.0,12.871111942544161
2341.0,5.84254078322213
2348.0,10.497505754692376
2409.0,7.49744740947632
2422.0,9.804145179218665
2428.0,10.360664898039126
2451.0,6.125384112685602
2452.0,7.649682859459866
2512.0,9.813918184485246
2515.0,8.886618419423673
2525.0,11.86875699630647
2547.0,5.246445743386115
2552.0,6.160965340883406
2554.0,5.9551239037492945
2570.0,8.162894583889543
2578.0,9.807042016868198
2580.0,11.03025182867851
2587.0,10.74658883009328
2588.0,10.603646849570541
2596.0,9.894346329628108
2611.0,11.998135241206946
2623.0,15.103164245871682
2643.0,10.611577151561683
2646.0,8.735310970494385
2650.0,10.180625027627805
2656.0,10.835716151821112
2672.0,12.698900833202584
2678.0,11.425447050726781
2682.0,12.377029908473776
2686.0,10.647496534630292
2688.0,10.958335261231287
2689.0,12.330032689881998
2715.0,5.257170670068426
2743.0,10.764801301414401
2750.0,8.867805482370283
2753.0,9.371360932053586
2764.0,10.8072616964228
2768.0,12.230718650461439
2769.0,10.369864626202682
2776.0,11.994952512334896
2778.0,12.05287623688996
2784.0,13.239512087499863
2791.0,12.12704657998433
2800.0,12.648739409794237
2801.0,11.213271031626519
2817.0,5.850506060524014
2828.0,12.228715223330234
2852.0,12.108244598614403
2864.0,5.761881773182456
2865.0,6.453979191152463
2880.0,9.125726768603325
2882.0,6.585157782594864
2902.0,11.984312249903114
2912.0,12.581576764453626
2934.0,12.509591548067753
2935.0,10.966665052066487
2952.0,12.768748898249768
2955.0,14.46057199882287
2962.0,14.05886239823482
2970.0,13.198150452772477
2973.0,13.036683380133473
2978.0,12.43718534163784
2994.0,12.91076960688043
2997.0,12.924794742631734
3013.0,6.728273015693931
3014.0,6.341778927477179
3016.0,9.228723572211196
3020.0,6.566693270232708
3022.0,5.375880904401141
3024.0,8.957902417378557
3048.0,12.516295253332627
3056.0,14.451455380177858
3074.0,12.919913738407741
3075.0,13.622616525428352
3083.0,5.087494826661951
3107.0,6.841796133723106
3113.0,9.105417882882907
3135.0,8.569743939374977
3138.0,8.004680836206354
3160.0,5.711937182906892
3169.0,9.676793000290186
3181.0,10.999754779100794
3198.0,9.410675183976934
3213.0,12.842258433255726
3221.0,7.491327307361343
3231.0,9.031529843142557
3250.0,8.276572222923939
3253.0,7.098774012663169
3263.0,11.391037345849263
3278.0,10.486379495184531
3306.0,6.187362501646501
3309.0,10.026857507835778
3310.0,12.408060712380246
3321.0,10.624676320432144
3334.0,7.430248852470841
3339.0,13.351602428705563
3345.0,8.343304502140546
3346.0,8.923115816572118
3365.0,7.160896024530911
3366.0,5.708670904559991
3378.0,6.7535052349438605
3384.0,5.796809559319129
3391.0,11.768640199749541
3403.0,7.043208942050949
3410.0,8.165636431603037
3417.0,11.532451005582931
3432.0,6.26379462308474
3441.0,10.374658881779403
3451.0,8.65094057424712
3469.0,15.148011020600686
3480.0,5.9000233103929105
3488.0,6.820123135217983
3489.0,11.152298914204197
3490.0,9.967816573878082
3493.0,12.044694410620771
3494.0,12.132375095210776
3505.0,13.624842641653505
3527.0,5.549801083222478
3531.0,7.268407823338181
3532.0,6.824420145690224
3540.0,9.163712149128997
3550.0,9.309379010463807
3553.0,8.515813000258532
3555.0,12.266589267767712
3570.0,13.889902920045786
3577.0,10.868636194486262
3580.0,13.9377489940829
3586.0,12.404163805270707
3597.0,11.258716747206828
3607.0,9.867145913896056
3613.0,5.375856238850304
3623.0,12.222599865739719
3652.0,11.53350634177568
3654.0,9.424766798254694
3664.0,11.044009369828165
3669.0,11.654318715034364
3671.0,11.807169926473243
3673.0,10.269378795321384
3702.0,14.79089279217203
3706.0,15.471380221876576
3712.0,12.163916733159585
3714.0,11.820534160804886
3716.0,5.530509796208085
3719.0,7.042894493222076
3730.0,10.210028287014726
3736.0,12.512533471590386
3757.0,11.67624967233667
3760.0,10.929720999189556
3765.0,10.656928920991396
3768.0,10.432304835560949
3776.0,11.533612523601501
3781.0,12.870386659559285
3783.0,10.571259752157005
3784.0,10.965399547373847
3794.0,14.580744389706933
3800.0,14.493787273455752
3809.0,9.922378913402802
3823.0,12.474643592448254
3829.0,14.560368194962917
3832.0,9.280952476791846
3841.0,9.704957287251847
3859.0,12.493894466837636
3861.0,12.355778080367458
3862.0,9.882296852138193
3863.0,12.03020717979929
3865.0,11.66563907474308
3874.0,10.938678417087843
3886.0,8.660031064966482
3891.0,13.044919609543967
3894.0,10.516537166829535
3929.0,11.812040440604077
3931.0,9.02380816378351
3956.0,9.870963575677003
3963.0,5.953592728329358
3967.0,5.349786567677176
3980.0,10.82586322974178
3982.0,10.156185494201964
3987.0,13.705344041146795
3994.0,4.492439212119084
3995.0,5.221277090736628
4003.0,9.054598862629417
4007.0,11.296546162004843
4018.0,12.522657901038379
4038.0,10.36359705431726
4042.0,11.11868311307934
4047.0,12.376955795537363
4079.0,9.271994313755945
4091.0,11.79262943290051
4094.0,10.174227375556576
4107.0,7.387616401445263
4108.0,9.498366566779175
4113.0,11.36733417829111
4150.0,5.8542313405934205
4156.0,9.131407939039459
4166.0,9.081472952607605
