test_index,y_pred
1.0,3.2023417949676514
8.0,4.089048862457275
26.0,5.393641471862793
37.0,4.141634941101074
53.0,4.80392599105835
103.0,4.600379943847656
112.0,4.960089206695557
122.0,5.447070598602295
143.0,5.121474742889404
146.0,4.897592544555664
150.0,6.211278915405273
151.0,4.853017807006836
152.0,5.668360710144043
160.0,5.091863632202148
186.0,5.2794952392578125
197.0,5.88446569442749
202.0,5.797618389129639
207.0,5.3508453369140625
219.0,5.166918754577637
225.0,5.356685161590576
229.0,5.442416191101074
246.0,5.682060718536377
253.0,6.121305465698242
262.0,5.415858745574951
279.0,5.603442192077637
293.0,6.112269401550293
317.0,5.356441497802734
345.0,5.663616180419922
384.0,5.615661144256592
400.0,5.833500385284424
402.0,5.866025447845459
403.0,5.935584545135498
437.0,6.101256370544434
441.0,5.896092414855957
452.0,5.897973537445068
463.0,6.486815929412842
469.0,5.998993396759033
472.0,5.863236904144287
488.0,5.31619930267334
509.0,6.099125862121582
524.0,6.6451921463012695
540.0,6.07768440246582
550.0,6.381643295288086
556.0,5.554616928100586
577.0,5.956108093261719
586.0,6.327220916748047
608.0,6.071835517883301
623.0,6.408200740814209
627.0,6.409663677215576
632.0,6.4746623039245605
639.0,6.202622890472412
640.0,6.198814868927002
641.0,6.127392292022705
645.0,6.863276958465576
648.0,7.240148544311523
659.0,5.6626739501953125
663.0,6.765501499176025
681.0,6.03874397277832
687.0,6.542961120605469
698.0,6.498009204864502
709.0,6.498793125152588
748.0,6.021611213684082
749.0,6.323997974395752
751.0,6.6808695793151855
795.0,6.12393045425415
800.0,6.8566718101501465
821.0,6.870514392852783
835.0,7.153717041015625
854.0,6.732105255126953
877.0,7.981295108795166
880.0,7.382304668426514
883.0,7.33802604675293
896.0,7.143637657165527
913.0,6.7438201904296875
928.0,7.7626214027404785
951.0,7.154849052429199
954.0,6.963694095611572
956.0,7.0794901847839355
972.0,6.915012359619141
981.0,6.538331508636475
1012.0,8.383299827575684
1014.0,7.123543739318848
1045.0,6.684813022613525
1059.0,6.697200775146484
1060.0,8.21277141571045
1109.0,7.429625034332275
1122.0,8.404869079589844
1135.0,6.911271095275879
1136.0,7.020252227783203
1143.0,6.731025695800781
1147.0,7.814703941345215
1153.0,7.334140300750732
1158.0,7.623843669891357
1171.0,7.271250247955322
1183.0,9.565146446228027
1186.0,11.810286521911621
1194.0,8.256123542785645
1207.0,7.195425033569336
1218.0,5.4833855628967285
1224.0,7.284976005554199
1248.0,7.801145553588867
1250.0,8.813295364379883
1254.0,8.200146675109863
1256.0,8.207463264465332
1257.0,7.873921871185303
1266.0,6.813316822052002
1282.0,6.805251598358154
1291.0,7.821802616119385
1300.0,8.031597137451172
1306.0,8.03233814239502
1321.0,7.5426506996154785
1327.0,8.584134101867676
1349.0,7.963284969329834
1354.0,9.331947326660156
1371.0,8.55452823638916
1372.0,8.101299285888672
1382.0,6.779175758361816
1388.0,8.148702621459961
1397.0,8.819893836975098
1398.0,9.156070709228516
1400.0,8.178955078125
1408.0,7.934787750244141
1409.0,8.177871704101562
1410.0,8.130447387695312
1415.0,8.599637031555176
1426.0,8.782149314880371
1434.0,8.529747009277344
1435.0,8.2385835647583
1438.0,8.50467586517334
1439.0,8.560938835144043
1443.0,8.412914276123047
1445.0,8.668002128601074
1462.0,8.870888710021973
1470.0,8.47244930267334
1479.0,7.894885540008545
1486.0,8.078184127807617
1496.0,8.69991683959961
1505.0,8.861100196838379
1517.0,8.434534072875977
1520.0,8.680351257324219
1529.0,8.727107048034668
1530.0,9.457479476928711
1533.0,9.129559516906738
1543.0,8.534104347229004
1544.0,8.12269115447998
1545.0,8.12269115447998
1550.0,9.60035228729248
1559.0,8.997685432434082
1561.0,9.463372230529785
1564.0,9.577531814575195
1581.0,7.6685991287231445
1592.0,9.139766693115234
1595.0,9.018296241760254
1604.0,8.605202674865723
1605.0,10.211871147155762
1615.0,9.926493644714355
1616.0,8.919000625610352
1622.0,9.528597831726074
1627.0,9.797228813171387
1630.0,9.490939140319824
1631.0,9.589712142944336
1640.0,9.98690128326416
1652.0,9.754046440124512
1655.0,9.891976356506348
1657.0,9.988874435424805
1660.0,10.309584617614746
1665.0,10.009490966796875
1671.0,9.625247955322266
1682.0,9.942636489868164
1692.0,10.701889038085938
1695.0,9.799797058105469
1708.0,11.795181274414062
1713.0,10.48172664642334
1717.0,10.912114143371582
1731.0,12.002476692199707
1746.0,13.077811241149902
