test_index,y_pred
12.0,8.788228034973145
30.0,5.003943920135498
43.0,21.206275939941406
47.0,27.807147979736328
62.0,14.728923797607422
68.0,24.34929656982422
70.0,29.242778778076172
71.0,29.11687660217285
86.0,16.436023712158203
92.0,27.32958984375
108.0,13.841650009155273
109.0,15.649223327636719
113.0,19.874006271362305
120.0,38.324378967285156
134.0,20.461997985839844
142.0,42.20009994506836
150.0,14.535785675048828
178.0,21.60045051574707
192.0,59.3794059753418
195.0,62.10865783691406
203.0,27.80076026916504
219.0,62.70269012451172
229.0,36.59709548950195
238.0,59.89424514770508
274.0,25.89042091369629
287.0,13.49718189239502
288.0,14.697794914245605
295.0,25.95779800415039
298.0,32.37153625488281
304.0,6.901999473571777
307.0,9.367508888244629
336.0,16.478626251220703
350.0,9.208879470825195
411.0,32.91149139404297
416.0,43.495155334472656
428.0,21.679479598999023
446.0,74.21994018554688
485.0,49.951393127441406
489.0,64.02272033691406
493.0,79.46329498291016
497.0,99.0213623046875
498.0,103.40164947509766
507.0,5.777975082397461
528.0,28.538700103759766
531.0,32.07527160644531
564.0,28.68101692199707
566.0,32.345176696777344
567.0,34.3074836730957
570.0,35.00349044799805
582.0,10.200572967529297
596.0,26.628751754760742
602.0,34.062225341796875
607.0,39.398494720458984
613.0,5.680100917816162
621.0,14.6317138671875
627.0,22.063352584838867
633.0,28.81618881225586
636.0,35.88011169433594
637.0,36.38068389892578
644.0,45.262489318847656
653.0,15.858011245727539
657.0,21.203584671020508
670.0,39.00364303588867
678.0,52.0904655456543
679.0,52.337562561035156
690.0,17.120052337646484
718.0,64.71141815185547
720.0,66.26681518554688
721.0,69.90348815917969
724.0,19.824581146240234
731.0,28.233257293701172
741.0,51.65227127075195
745.0,61.005653381347656
757.0,83.16284942626953
765.0,31.600006103515625
776.0,50.34374237060547
779.0,55.38346862792969
782.0,68.82078552246094
790.0,91.48526000976562
802.0,39.371620178222656
803.0,39.371620178222656
829.0,107.71532440185547
831.0,115.95542907714844
837.0,41.514774322509766
844.0,66.59576416015625
848.0,72.10018920898438
857.0,103.88742065429688
859.0,106.6433334350586
861.0,111.2386703491211
897.0,33.262271881103516
898.0,33.65580368041992
903.0,4.146272659301758
925.0,35.321990966796875
944.0,22.370220184326172
945.0,23.570833206176758
952.0,36.98869705200195
978.0,31.474098205566406
1001.0,21.97383689880371
1029.0,21.157739639282227
1052.0,73.54621124267578
1068.0,45.87236022949219
1071.0,50.92588424682617
1083.0,93.14138793945312
1086.0,97.36643981933594
1093.0,41.347965240478516
1094.0,41.49073791503906
1095.0,42.381534576416016
1096.0,50.593379974365234
1112.0,98.482421875
1114.0,107.05078887939453
1117.0,109.34838104248047
1121.0,46.84199142456055
1126.0,54.367897033691406
1152.0,53.28435134887695
1187.0,7.672293663024902
1194.0,14.878369331359863
1200.0,26.054227828979492
1204.0,32.414878845214844
1211.0,8.088481903076172
1222.0,23.087846755981445
1224.0,28.868186950683594
1230.0,4.626142978668213
1231.0,5.3681464195251465
1234.0,8.525304794311523
1255.0,5.798381805419922
1258.0,9.189983367919922
1260.0,12.47285270690918
1278.0,58.57133865356445
1288.0,23.131019592285156
1292.0,29.346025466918945
1294.0,31.670665740966797
1319.0,37.58121109008789
1334.0,25.65558624267578
1337.0,31.075918197631836
1338.0,35.108943939208984
1344.0,46.59013748168945
1350.0,72.60334777832031
1351.0,73.57439422607422
1359.0,32.13914108276367
1361.0,38.07586669921875
1366.0,51.43632125854492
1392.0,64.0504379272461
1448.0,25.91621971130371
1456.0,3.2963268756866455
1490.0,18.427452087402344
1496.0,31.25079345703125
1503.0,52.401824951171875
1504.0,55.72621536254883
1505.0,7.831025123596191
1520.0,32.719879150390625
1526.0,51.83240509033203
1530.0,12.305859565734863
1532.0,14.51711654663086
1564.0,34.83967971801758
1598.0,70.31057739257812
1609.0,32.086246490478516
1612.0,39.911563873291016
1614.0,49.340606689453125
1621.0,74.45906829833984
1630.0,33.48851776123047
1647.0,93.07608032226562
1654.0,124.30049133300781
1666.0,79.40083312988281
1684.0,1.856282114982605
1688.0,4.572016716003418
1695.0,12.435295104980469
1700.0,18.29837417602539
1717.0,11.553804397583008
1738.0,8.696038246154785
1743.0,16.78990364074707
1745.0,18.797962188720703
1748.0,22.369415283203125
1754.0,30.11175537109375
1756.0,5.8116936683654785
1769.0,20.687232971191406
1770.0,23.438879013061523
1777.0,37.29420852661133
1780.0,7.072413921356201
1788.0,12.301575660705566
1791.0,16.467681884765625
1825.0,42.59953689575195
1830.0,13.036870002746582
1831.0,14.186450958251953
1837.0,22.80851173400879
1851.0,54.39088821411133
1873.0,50.92945861816406
1874.0,59.439788818359375
1879.0,79.62435150146484
1881.0,22.212055206298828
1892.0,44.647743225097656
1911.0,34.49822998046875
1942.0,12.013731002807617
1951.0,23.953115463256836
1963.0,8.283783912658691
1973.0,23.09282684326172
1983.0,4.444528102874756
2004.0,38.2794303894043
2025.0,35.4537353515625
2053.0,53.62898254394531
2068.0,32.229793548583984
2072.0,46.50545883178711
2086.0,23.84766960144043
2099.0,60.860107421875
2103.0,76.68457794189453
2104.0,77.74006652832031
2123.0,63.24664306640625
2135.0,38.341026306152344
2144.0,56.973079681396484
2153.0,93.45323944091797
2154.0,100.28738403320312
2163.0,46.54703903198242
2167.0,61.78068542480469
2170.0,71.585693359375
2185.0,3.9323008060455322
2187.0,6.778010845184326
2202.0,32.54116439819336
2228.0,40.15199279785156
2232.0,5.263356685638428
2239.0,14.008292198181152
2250.0,39.67583084106445
2254.0,48.820770263671875
2258.0,10.291930198669434
2259.0,12.213753700256348
2271.0,31.94393539428711
2308.0,19.345975875854492
2323.0,56.30908203125
2339.0,37.39846420288086
2346.0,52.96266555786133
2347.0,57.76659393310547
2350.0,72.16699981689453
2364.0,46.260276794433594
2366.0,50.606849670410156
2370.0,64.7705078125
2377.0,94.5310287475586
2387.0,44.86949920654297
2410.0,47.3533935546875
2413.0,54.85933303833008
2440.0,14.10390567779541
2463.0,6.115192890167236
2467.0,11.577910423278809
2473.0,20.11769676208496
2476.0,23.811689376831055
2477.0,24.001657485961914
2498.0,14.55167293548584
2505.0,24.212623596191406
2509.0,29.214778900146484
2531.0,21.65468406677246
2559.0,22.37718391418457
2561.0,23.323318481445312
2571.0,37.8668212890625
2575.0,47.89421081542969
2576.0,47.93602752685547
2580.0,54.06281280517578
2588.0,21.499643325805664
2594.0,32.94606018066406
2596.0,35.78434371948242
2618.0,24.6728458404541
2619.0,26.11763572692871
2623.0,30.6309814453125
2627.0,41.454185485839844
2629.0,45.834991455078125
2638.0,63.77727508544922
2644.0,82.84424591064453
2648.0,24.84679412841797
2651.0,29.909147262573242
2666.0,70.78020477294922
2677.0,93.26846313476562
2684.0,45.13262176513672
2687.0,50.290008544921875
2688.0,51.40980911254883
2697.0,82.07621765136719
2700.0,92.65132141113281
2705.0,104.61502838134766
2715.0,53.066768646240234
2722.0,79.93736267089844
2755.0,10.548225402832031
2760.0,15.193740844726562
2778.0,38.28630447387695
2794.0,8.862687110900879
2802.0,17.65587615966797
2804.0,20.539836883544922
2805.0,21.455841064453125
2818.0,35.73029327392578
2826.0,4.9394330978393555
2843.0,18.292091369628906
2846.0,22.82427215576172
2850.0,24.61506462097168
2859.0,39.1175537109375
2868.0,9.116507530212402
2897.0,34.278968811035156
2900.0,39.80445861816406
2902.0,42.863914489746094
2921.0,19.586156845092773
2922.0,20.74966812133789
2929.0,28.841909408569336
2934.0,37.93743133544922
2944.0,51.08393096923828
2952.0,17.896392822265625
2963.0,23.767385482788086
2991.0,20.174972534179688
2992.0,20.01756477355957
2996.0,24.26761817932129
2997.0,25.23846435546875
3006.0,34.674041748046875
3011.0,46.96004104614258
3012.0,46.760990142822266
3016.0,59.46028518676758
3023.0,71.55918884277344
3024.0,72.48851776123047
3033.0,25.223081588745117
3043.0,34.355804443359375
3050.0,64.94258117675781
3053.0,72.71564483642578
3078.0,30.795724868774414
3082.0,35.617923736572266
3091.0,72.70775604248047
3103.0,97.19190216064453
3107.0,110.80680847167969
3121.0,42.781463623046875
3123.0,43.71090316772461
3127.0,59.3421516418457
3131.0,74.6142349243164
3143.0,114.88309478759766
3151.0,-1.6814810037612915
3153.0,2.605506420135498
3168.0,19.953445434570312
3194.0,4.026278495788574
3197.0,4.71209192276001
3217.0,26.313369750976562
3221.0,34.018829345703125
3238.0,7.145745277404785
3240.0,9.76071548461914
3248.0,17.42818260192871
3263.0,37.13560104370117
3269.0,50.5390510559082
3274.0,6.701289176940918
3279.0,10.319300651550293
3289.0,21.900344848632812
3315.0,11.563109397888184
3319.0,15.791711807250977
3328.0,23.85455894470215
3347.0,54.49445343017578
3366.0,25.957014083862305
3377.0,41.739505767822266
3379.0,42.157936096191406
3383.0,52.43888473510742
3386.0,60.92596435546875
3392.0,70.464111328125
3396.0,17.043834686279297
3407.0,31.89642906188965
3424.0,75.35935974121094
3434.0,90.2919692993164
3442.0,31.24736213684082
3467.0,93.97452545166016
3477.0,119.51872253417969
3481.0,35.789283752441406
3505.0,94.4756851196289
3518.0,131.71255493164062
3520.0,34.76723098754883
3539.0,78.10920715332031
3540.0,86.88685607910156
3550.0,123.60679626464844
3575.0,15.475650787353516
3601.0,-3.0874810218811035
3625.0,29.995685577392578
3651.0,12.653059005737305
3658.0,24.218730926513672
3707.0,38.73383712768555
3731.0,19.75984764099121
3753.0,56.284156799316406
3765.0,19.93113136291504
3770.0,24.880260467529297
3773.0,27.567401885986328
3782.0,46.86149215698242
3783.0,47.16105651855469
3785.0,49.74270248413086
3786.0,50.701629638671875
3787.0,53.08564376831055
3801.0,79.50518798828125
3819.0,45.85859298706055
3827.0,62.773555755615234
3841.0,95.51651763916016
3855.0,41.099212646484375
3862.0,71.54098510742188
3866.0,86.71756744384766
3870.0,94.91625213623047
3871.0,96.2393798828125
3880.0,128.6705322265625
3881.0,131.68405151367188
3896.0,46.7087287902832
3908.0,93.66453552246094
3909.0,93.48433685302734
3915.0,115.39103698730469
3929.0,37.99345397949219
3937.0,54.8018684387207
3939.0,66.87689208984375
3941.0,76.03074645996094
3945.0,89.71133422851562
3961.0,168.63803100585938
3971.0,1.226438045501709
3978.0,10.373170852661133
4024.0,23.653038024902344
4039.0,44.364986419677734
4043.0,61.487606048583984
4051.0,13.506397247314453
4060.0,28.325502395629883
4063.0,31.880638122558594
4076.0,48.70486068725586
4080.0,65.8274917602539
4086.0,13.550108909606934
4092.0,21.622400283813477
4100.0,33.240882873535156
4102.0,37.63385009765625
4112.0,55.69526672363281
4122.0,16.107563018798828
4126.0,24.764205932617188
4140.0,46.99687576293945
4141.0,53.31867599487305
4151.0,76.42609405517578
4157.0,17.872323989868164
4159.0,20.739299774169922
4160.0,23.168994903564453
4162.0,24.739540100097656
4176.0,53.868263244628906
4184.0,83.0632553100586
4189.0,95.27874755859375
4192.0,20.50716781616211
4213.0,67.73604583740234
4215.0,80.52582550048828
4221.0,96.9302978515625
4224.0,102.7364501953125
4231.0,35.20494842529297
4252.0,96.07756805419922
4253.0,97.2090072631836
4254.0,98.8423080444336
4257.0,110.41653442382812
4262.0,124.53406524658203
4269.0,46.82693862915039
4280.0,79.77058410644531
4284.0,92.01708984375
4322.0,109.17908477783203
4350.0,13.40628433227539
4357.0,23.061182022094727
4370.0,51.02513122558594
4372.0,53.337860107421875
4373.0,56.906158447265625
4378.0,72.65828704833984
4379.0,74.33477020263672
4385.0,8.76307201385498
4420.0,75.28182983398438
4424.0,12.886185646057129
4434.0,29.275474548339844
4442.0,42.779563903808594
4462.0,78.40611267089844
4483.0,43.884071350097656
4498.0,87.46994018554688
4509.0,31.936935424804688
4512.0,37.44309997558594
4518.0,42.706180572509766
4525.0,65.54969024658203
4534.0,81.33192443847656
4608.0,89.77568817138672
4618.0,133.81936645507812
4639.0,73.43952941894531
4640.0,77.08565521240234
4643.0,83.66282653808594
4650.0,117.25212860107422
4651.0,122.3895492553711
4679.0,89.90410614013672
4692.0,145.82005310058594
4694.0,162.1288299560547
4696.0,170.71400451660156
4700.0,204.75938415527344
4705.0,237.58824157714844
4717.0,3.487351655960083
4755.0,3.2367162704467773
4767.0,11.745684623718262
4772.0,14.854508399963379
4775.0,18.25419044494629
4796.0,5.198777675628662
4814.0,18.513240814208984
4819.0,23.444808959960938
4829.0,34.9594612121582
4840.0,9.685254096984863
4862.0,28.692228317260742
4864.0,30.88067626953125
4872.0,41.57799530029297
4874.0,7.434799671173096
4897.0,24.194835662841797
4899.0,25.379697799682617
4902.0,32.60721206665039
4918.0,11.983064651489258
4925.0,16.5501766204834
4939.0,32.774253845214844
4941.0,35.876014709472656
4956.0,14.03894329071045
4974.0,28.497488021850586
4977.0,29.110563278198242
4987.0,47.341033935546875
5012.0,30.685237884521484
5017.0,48.8581657409668
5020.0,56.011905670166016
5022.0,57.96281051635742
5026.0,65.42839813232422
5054.0,44.03300476074219
5057.0,42.2998161315918
5065.0,66.45401763916016
5081.0,28.342498779296875
5082.0,28.392921447753906
5087.0,33.94737243652344
5112.0,98.87660217285156
5113.0,107.53473663330078
5130.0,9.798142433166504
5149.0,32.974021911621094
5156.0,1.1670432090759277
5166.0,9.820655822753906
5184.0,29.892051696777344
5185.0,31.67253303527832
5187.0,33.78681945800781
5193.0,2.6503920555114746
5198.0,7.434906482696533
5201.0,9.81988525390625
5216.0,27.10434341430664
5219.0,30.959657669067383
5238.0,12.21323013305664
5246.0,22.185274124145508
5247.0,23.276161193847656
5250.0,25.25523567199707
5251.0,28.43134307861328
5259.0,40.739715576171875
5285.0,29.7265567779541
5335.0,59.31078338623047
5345.0,20.321701049804688
5360.0,49.62836456298828
5365.0,55.27192306518555
5375.0,77.6473617553711
5377.0,78.73762512207031
5379.0,22.812339782714844
5386.0,32.29587936401367
5397.0,59.08694839477539
5410.0,88.74359893798828
5413.0,95.53666687011719
5414.0,97.77513122558594
5419.0,34.576778411865234
5422.0,39.504676818847656
5424.0,44.50309753417969
5433.0,70.27423095703125
5434.0,73.91097259521484
5448.0,101.56303405761719
5461.0,60.05930709838867
5474.0,93.66253662109375
5489.0,1.5939433574676514
5501.0,16.133991241455078
5508.0,25.136062622070312
5516.0,38.37925720214844
5540.0,21.343826293945312
5548.0,31.401790618896484
5552.0,37.77485275268555
5556.0,44.05637741088867
5573.0,17.159700393676758
5576.0,22.907033920288086
5577.0,24.828493118286133
5609.0,17.006990432739258
5613.0,25.40545654296875
5634.0,64.8569107055664
5635.0,64.71060943603516
5636.0,66.99742889404297
5639.0,12.535994529724121
5647.0,26.160991668701172
5649.0,27.64181900024414
5652.0,35.13411331176758
5655.0,41.149959564208984
5664.0,58.22023391723633
5668.0,64.91788482666016
5669.0,65.7552261352539
5674.0,14.185755729675293
5677.0,20.11724853515625
5686.0,35.895301818847656
5697.0,63.83243179321289
5700.0,66.93948364257812
5701.0,70.41218566894531
5710.0,89.36158752441406
5714.0,27.731407165527344
5729.0,53.97442626953125
5743.0,98.5774917602539
5747.0,112.00763702392578
5749.0,33.39853286743164
5762.0,61.40961837768555
5763.0,63.7121696472168
5771.0,91.98390197753906
5780.0,119.44647979736328
5789.0,51.10795974731445
5798.0,77.20956420898438
5813.0,120.19046783447266
5816.0,130.0922088623047
5817.0,143.26873779296875
5820.0,150.4443817138672
5866.0,16.221729278564453
5913.0,29.389869689941406
5918.0,40.13658905029297
5931.0,61.64764404296875
5941.0,16.826980590820312
5943.0,22.120637893676758
5955.0,43.556968688964844
5960.0,53.341644287109375
5963.0,55.150264739990234
5969.0,75.01258850097656
5983.0,27.646759033203125
5987.0,34.80774688720703
5990.0,43.07967758178711
5992.0,48.31005859375
6021.0,33.90787124633789
6037.0,81.29792022705078
6056.0,42.545658111572266
6060.0,51.075340270996094
6068.0,75.9444808959961
6081.0,27.571836471557617
6101.0,80.3835678100586
6109.0,110.08479309082031
6118.0,36.19900894165039
6136.0,84.01744842529297
6139.0,99.41217041015625
6156.0,50.48920440673828
6160.0,58.33259201049805
6163.0,69.92240142822266
6189.0,183.8864288330078
6191.0,191.7457733154297
6203.0,102.67266082763672
6214.0,142.92283630371094
6218.0,161.9554901123047
6243.0,7.902459621429443
6248.0,-0.7917487621307373
6266.0,11.34961223602295
6268.0,-0.978404700756073
6274.0,6.734365463256836
6277.0,8.410898208618164
6281.0,11.428327560424805
6283.0,16.097766876220703
6304.0,19.316631317138672
6319.0,16.331880569458008
6340.0,24.77787208557129
6359.0,27.516681671142578
6367.0,15.220141410827637
6385.0,13.908183097839355
6395.0,39.31827926635742
6419.0,8.356252670288086
6445.0,2.6700096130371094
6446.0,4.329791069030762
6451.0,6.781511306762695
6456.0,8.816908836364746
6467.0,13.31310749053955
6480.0,2.59151554107666
6534.0,13.092824935913086
6537.0,14.703971862792969
6543.0,21.221385955810547
6566.0,12.951835632324219
6579.0,20.70022201538086
6609.0,20.844234466552734
6629.0,9.026590347290039
6633.0,9.737668991088867
6636.0,15.615531921386719
6654.0,33.39861297607422
6673.0,19.520925521850586
6679.0,27.44800567626953
6680.0,24.520015716552734
6685.0,35.611934661865234
6692.0,38.644737243652344
6698.0,13.874420166015625
6707.0,21.409320831298828
6708.0,20.420738220214844
6730.0,46.405364990234375
6733.0,14.754779815673828
6745.0,23.994300842285156
6751.0,26.125621795654297
6763.0,49.052066802978516
6769.0,62.0509033203125
6780.0,16.553930282592773
6797.0,19.8420467376709
6821.0,13.160248756408691
6830.0,8.020617485046387
6835.0,16.21998405456543
6842.0,34.28119659423828
6844.0,39.3730583190918
6864.0,25.077207565307617
6876.0,22.514158248901367
6912.0,9.599761009216309
6913.0,11.014846801757812
6954.0,9.690186500549316
6955.0,11.418570518493652
6956.0,12.405550956726074
6960.0,21.545774459838867
6976.0,26.603368759155273
6993.0,39.41476821899414
7012.0,23.44965934753418
7014.0,28.12027359008789
7021.0,54.127845764160156
7024.0,59.418556213378906
7037.0,67.17228698730469
7045.0,7.332377910614014
7066.0,8.042699813842773
7068.0,11.365376472473145
7077.0,22.311832427978516
7084.0,9.155941009521484
7091.0,20.211977005004883
7092.0,23.440080642700195
7117.0,38.25539016723633
7118.0,38.00745391845703
7131.0,26.57901954650879
7133.0,33.87078094482422
7134.0,37.52425003051758
7138.0,45.071311950683594
7141.0,12.608293533325195
7155.0,41.833988189697266
7159.0,57.62917709350586
7196.0,68.32272338867188
7202.0,30.3330078125
7207.0,44.13248062133789
7212.0,64.10543060302734
7214.0,66.39205932617188
7222.0,0.8125905394554138
7229.0,13.451685905456543
7232.0,18.132497787475586
7239.0,28.019428253173828
7241.0,2.950861930847168
7267.0,14.930191993713379
7269.0,18.254125595092773
7275.0,27.80820083618164
7287.0,15.89462947845459
7294.0,31.21438980102539
7310.0,26.470333099365234
7329.0,29.469526290893555
7341.0,18.277881622314453
7351.0,43.42452621459961
7359.0,78.33206176757812
7360.0,20.04282569885254
7361.0,22.959341049194336
7366.0,37.222076416015625
7369.0,46.78474426269531
7378.0,82.46173095703125
7394.0,67.786376953125
