test_index,y_pred
29.0,0.2984723164983266
44.0,0.3115164134972642
56.0,0.1749013367992426
69.0,0.2840864344348514
96.0,0.6307528091238963
100.0,0.3929793567449448
111.0,0.3656077776747382
134.0,0.33863344316345967
149.0,0.3342306795457759
173.0,0.3795101265902576
179.0,0.2810587663543247
188.0,0.2851101595859832
196.0,0.3928364002711521
199.0,0.3548758066015685
208.0,0.30532803158647615
210.0,0.3288016487036204
211.0,0.33757694799014737
218.0,0.3684748757738334
229.0,0.33660373753776873
237.0,0.24436177151049382
239.0,0.34624536481866763
247.0,0.3350926372248416
252.0,0.23789248454467601
254.0,0.3254399803311542
259.0,0.31416987870732194
279.0,0.29705068306067295
282.0,0.3576610077412497
296.0,0.22517269632075987
321.0,0.2578720588948441
332.0,0.2869351708444801
342.0,0.2538237152180536
353.0,0.29805798498357994
354.0,0.28836125267916224
367.0,0.2177260242143436
430.0,0.2088629307176921
432.0,0.2217842901130875
433.0,0.21255338628031215
435.0,0.22223674974595883
440.0,0.2510400457624642
443.0,0.26452929863020924
445.0,0.20207487328506088
464.0,0.19217665354002042
471.0,0.2146935424550044
472.0,0.2106117862856355
478.0,0.2720450185923303
480.0,0.2774116958438835
495.0,0.15265854010776994
508.0,0.20593740603622443
509.0,0.2006366119112267
530.0,0.26884319292978986
554.0,0.28300347176433027
575.0,0.32272956095011973
581.0,0.5005268159476217
582.0,0.382074527832041
598.0,0.14548787221500012
599.0,0.20723549928188476
611.0,0.17643630360259513
613.0,0.1665762370222377
630.0,0.24783278635802822
637.0,0.2789160744953322
642.0,0.3609653515714689
654.0,0.23283450740654674
700.0,0.1040513765288266
705.0,0.20670622776174344
729.0,0.10890396250112169
733.0,0.05297793304941781
736.0,0.21408907256626777
742.0,0.14270690003188838
744.0,0.13808782252837112
755.0,0.16386636790627077
756.0,0.1713494493618525
764.0,0.251447876035263
765.0,0.2710944885098412
767.0,0.3044074301010699
782.0,0.20102300998874414
802.0,0.37072497501203583
810.0,0.08726074936901815
855.0,0.22785786343743467
862.0,0.19289270599494254
869.0,0.2988631699362382
879.0,0.3085064351981377
883.0,0.31139636384889036
892.0,0.3871572549036667
903.0,0.3454331638537228
913.0,0.28011670460996363
916.0,0.25312446220853635
923.0,0.3823200069474463
926.0,0.3588753392011562
932.0,0.24472296283154046
948.0,0.14992744734648164
976.0,0.5566039502990826
978.0,0.5050626884535319
998.0,0.14950322460042406
999.0,0.15407882881694832
1004.0,0.3589609618408359
1010.0,0.29068227508882927
1023.0,0.19281110128860066
1033.0,0.13221433017342873
1053.0,0.4841461368651714
1054.0,0.5273880331437494
1057.0,0.4830804771904149
1061.0,0.5137196183011886
1067.0,0.11312470160166219
1071.0,0.2815299578590885
1078.0,0.7311584023700878
1080.0,0.7442374619363145
1100.0,0.6645252403615394
1102.0,0.7695670683528915
1104.0,0.7473545362464263
1106.0,0.4531386947539552
1114.0,0.5779233373822262
1117.0,0.39908847786827184
1124.0,0.24952247166840588
1138.0,0.2534485795245831
1159.0,0.3681924758964019
1165.0,0.38994728734076123
1190.0,0.32455929783858783
1193.0,0.22530789205409438
1196.0,0.21634425427366286
1200.0,0.34169070966821835
1204.0,0.34994700761837616
1237.0,0.26594265733062217
1244.0,0.16130408346922673
1263.0,0.20992846931907314
1271.0,0.4668317578306924
1272.0,0.3982570437223515
1286.0,0.4525332765352843
1288.0,0.4240590397370826
1289.0,0.37292800777863677
1292.0,0.47937904237528994
1298.0,0.16156844065669393
1299.0,0.19100275674126824
1307.0,0.10220316318842546
1322.0,0.4242821327160903
1352.0,0.1788490569484368
1357.0,0.40925103889164793
1360.0,0.39937470437398137
1361.0,0.3134649837057535
1362.0,0.3372193738570157
1366.0,0.38537872364938164
1374.0,0.3735082068116409
1383.0,0.35103272728718726
1387.0,0.3537302293143578
1389.0,0.38394548431088893
1398.0,0.2645626263794326
1412.0,0.362336840621322
1421.0,0.2904087166833462
1430.0,0.2888292330830132
1448.0,0.3763429568422991
1454.0,0.3348022726790142
1465.0,0.2592724542951669
1467.0,0.3234508008965842
1491.0,0.19061530937176227
1505.0,0.4026173114828584
1506.0,0.3931091926428426
1509.0,0.31065173132970836
1510.0,0.31513320581829285
1525.0,0.15872487859165038
1537.0,0.2957281022063132
1559.0,0.3831969673509493
1564.0,0.23527150330001664
1569.0,0.3783347163583757
1575.0,0.32508203638914135
1582.0,0.3539767450270278
1590.0,0.05415042849893034
1604.0,0.605910168782014
1622.0,0.6991218341408857
1639.0,0.14496244293859537
1644.0,0.23348454301682683
1646.0,0.1473684281874986
1656.0,0.166441695205966
1660.0,0.17097772975598344
1700.0,0.18587105533798717
1708.0,0.17361454423433462
1710.0,0.1769661523320569
1720.0,0.17834223159565496
1721.0,0.16725230172441782
1732.0,0.2743869710333209
1738.0,0.24156044333329682
1760.0,0.28603698074131956
1770.0,0.2545920357315721
1771.0,0.25837601714409597
1783.0,0.0691890361839321
1784.0,0.11591610182004516
1791.0,0.2037714829004272
1797.0,0.16165308180226953
1807.0,0.14148982700176718
1814.0,0.1904909318827044
1835.0,0.3672929589836549
1838.0,0.3649761176584341
1842.0,0.359113317786387
1849.0,0.3207845542968858
1877.0,0.19973347291724527
1889.0,0.39517938306168154
1893.0,0.4421035860456891
1897.0,0.4254661875214507
1900.0,0.4939805745824295
1920.0,0.08600256228071826
1922.0,0.25570036460082524
1925.0,0.826864771732086
1941.0,0.1976388124110026
1956.0,0.5688467538024665
1957.0,0.44422566231450544
1958.0,0.4308405916943231
1966.0,0.2836957144830665
1976.0,0.5772286462235985
1989.0,0.6548241698710396
1993.0,0.5717592526448256
2012.0,0.3048196701239654
2030.0,0.21586577471279497
2034.0,0.3347912704292232
2046.0,0.521962856501219
2067.0,0.6493561193291137
2091.0,0.46466884265356434
2093.0,0.4910287412168478
2108.0,0.45711064717615424
2114.0,0.38911481744508625
2129.0,0.5610746967178688
2134.0,0.40990408140744483
2136.0,0.3688002072619496
2143.0,0.6038826173498802
2148.0,0.5257588735799515
2155.0,0.5066967734371354
2171.0,0.34741818538827873
2196.0,0.5089112247398782
2198.0,0.5228422221380508
2203.0,0.4581477488096052
2220.0,0.5318439351708106
2233.0,0.44622498077887685
2251.0,0.3918478863344872
2268.0,0.20034538316684145
2288.0,-0.060349663790993074
2301.0,0.0021474016918055783
2315.0,0.04813890760035619
2360.0,0.32791626489285164
2363.0,0.5326722777733218
2369.0,0.11966724224521721
2377.0,0.5078656331600142
2379.0,0.48266169198715936
2384.0,0.40368017061795347
