test_index,y_pred
16.0,4.592601835370131
17.0,5.387666384587275
26.0,14.56154053177443
37.0,9.178502081774505
38.0,6.777923720726877
45.0,5.185684561306504
48.0,4.50248640040221
53.0,6.659164997059147
103.0,8.388354590316778
111.0,5.3839942506056335
115.0,4.560669697636442
119.0,5.163490553712854
127.0,12.197447501058063
151.0,4.480248233974249
152.0,9.811096171384127
154.0,5.461733280720537
157.0,5.452573835748247
160.0,14.558733726816142
162.0,7.121556585774018
171.0,6.822494341943731
175.0,4.461865381384844
180.0,11.542156922937997
190.0,6.318489991884356
191.0,5.586017826507952
194.0,11.783149391490708
207.0,5.443080330656326
225.0,7.201467284364044
226.0,14.988990850565125
229.0,4.886619640414692
245.0,5.750768588623575
255.0,10.784779080615506
283.0,7.114230192409604
287.0,16.10727879141324
301.0,11.31345749325624
322.0,4.441760377720031
364.0,4.502184314894418
372.0,9.449574437959871
374.0,5.184633273321283
403.0,5.449843032574928
407.0,4.459188900442628
419.0,5.4024159832006005
421.0,5.439273087258195
437.0,5.39906711010468
469.0,5.436148041006332
480.0,14.754381079048084
503.0,5.440628352543197
511.0,6.590341521224005
515.0,6.555694729913689
517.0,12.683710798305361
537.0,6.673921577216377
569.0,12.154847232066736
579.0,5.409332035459367
586.0,6.970049000746461
606.0,11.380706644481233
625.0,5.56183329670623
638.0,7.158270595103273
650.0,4.524324734561775
658.0,10.542905360980425
664.0,5.421086600363614
668.0,14.939729480605742
669.0,6.475867693636209
672.0,16.0942133775372
680.0,5.455656470746813
687.0,4.516434561268388
705.0,5.2178917698954335
708.0,14.925925682959063
711.0,16.144500278192346
714.0,5.443008768403811
720.0,6.778739716192751
734.0,7.442481976097069
739.0,6.790452872180425
741.0,11.430096762861169
753.0,5.421601720233808
755.0,7.410499007504467
757.0,5.5904284101143915
767.0,10.585635056191624
773.0,14.969995629806032
782.0,5.188780452383721
800.0,5.217467241135134
801.0,4.90152404751703
807.0,7.221024427108678
811.0,5.488368432957152
813.0,14.919102086709978
817.0,9.114662485762278
841.0,9.004061620808379
869.0,12.436390075953527
891.0,8.825708621993192
894.0,12.566299809649738
903.0,11.220548974846185
904.0,5.472505417154183
908.0,4.567516432704854
915.0,14.782144243369288
916.0,15.040894933402287
917.0,5.43616726105125
919.0,6.672662487649457
923.0,6.693433104451546
929.0,7.140662620361292
954.0,6.799465660965785
976.0,5.583186962493187
1015.0,5.6479238564207375
1021.0,7.060466498372534
1032.0,14.945504211733049
1033.0,5.448823866460296
1034.0,6.204370685387913
1035.0,4.651935447951582
