test_index,y_pred
44.0,4.48059667534628
48.0,5.134840109999342
65.0,4.1289925300518995
81.0,5.339242567230954
84.0,6.021649167207686
86.0,6.136987702652849
87.0,5.4032173312111516
91.0,6.136987702652849
98.0,4.118930219084234
118.0,5.411535243462099
122.0,3.9593123902959184
148.0,5.6871703228572175
155.0,6.323450130362742
162.0,5.589107247501083
164.0,5.450385992481065
172.0,5.297281727246618
196.0,5.271703833890568
199.0,5.033344322175521
203.0,5.273259219753148
207.0,4.959946347451625
208.0,5.2807649726094805
220.0,5.422799541040432
223.0,5.222085930427355
225.0,5.813947564726739
226.0,5.500247468879816
229.0,5.732805505694182
246.0,4.707643523100167
250.0,6.192807618365772
254.0,5.54832293814822
255.0,4.823518421226028
257.0,4.550060651660099
258.0,5.227623532052425
261.0,4.082673159356802
306.0,4.364511323618368
309.0,5.598819978506574
314.0,6.337574436353939
317.0,5.194413485145445
324.0,5.020356275023751
348.0,5.643894880931792
350.0,5.870207921030719
354.0,7.032318407129052
364.0,5.379009954155698
372.0,6.542863426717416
386.0,5.096448815036697
402.0,5.392644636013189
403.0,5.394575621244331
413.0,6.449958285816286
417.0,5.754819247780972
418.0,6.195455417916895
421.0,5.813788867898781
432.0,7.747345854774457
433.0,5.302500735650689
445.0,4.882117494225317
446.0,5.989519395781196
452.0,5.488155149528484
485.0,5.067843983325277
492.0,7.81135468034655
501.0,7.012377021345641
503.0,6.92490759007379
508.0,5.30347918196565
516.0,6.57833011745374
522.0,6.33929029711185
524.0,5.304932881109375
528.0,5.011399007440065
544.0,5.4453377064118555
551.0,5.660791700567651
564.0,6.37926125661846
569.0,6.616238419831283
572.0,6.37325738487744
574.0,5.639857096059621
579.0,5.843420478355374
580.0,5.231629166445048
587.0,4.601706894168679
639.0,6.543127140938001
654.0,5.070592195737309
678.0,5.021937523900142
687.0,5.197051829285645
688.0,4.478619721788901
693.0,5.152793057472698
702.0,5.109372175269127
706.0,4.963414685573052
709.0,6.02222749753014
722.0,5.527538413742259
727.0,4.780220446290018
753.0,5.077004473651752
757.0,4.700013962727066
759.0,5.2986634737226685
767.0,4.788683401087178
771.0,4.672772949929595
779.0,5.439872862917552
813.0,5.9792919896455246
821.0,7.620436579274801
831.0,6.102339701047919
834.0,5.422653389458336
835.0,4.625390904129673
845.0,5.4149544127960025
848.0,5.4149544127960025
867.0,6.558266527268976
877.0,5.888907669836135
880.0,5.525558648268126
887.0,6.576336886866014
897.0,5.513916839922935
922.0,6.39576215587004
926.0,6.179707584415662
947.0,7.304321636679682
954.0,6.496607518251246
969.0,5.273302392853834
982.0,6.992227828703513
987.0,5.343963984981361
988.0,5.578232036650997
989.0,6.998239658370329
990.0,5.578232036650997
997.0,5.012132096655781
1005.0,6.58257342484468
1007.0,7.212187633148548
1008.0,6.954707220298609
1013.0,5.190327402072057
1017.0,7.571932109721493
1027.0,5.461592694834733
1036.0,7.155746617786409
1040.0,5.018460037646729
1065.0,5.141205498979526
1070.0,6.83579179006262
1074.0,4.996215815092251
1093.0,7.104862690318612
1099.0,5.04627619400488
1101.0,6.7063660712180795
1125.0,6.823220709855582
1130.0,5.5160193370234065
1143.0,6.886846932579427
1158.0,6.441285708783031
1164.0,5.380893016845054
1168.0,6.036425364859851
1173.0,5.5048225677380955
1176.0,5.24464897022276
1189.0,4.121664648977712
1191.0,4.303322598238088
1204.0,6.442616113057468
1211.0,5.177904469853858
1216.0,4.71362661083853
1223.0,7.101636761197723
1244.0,6.458701691725041
1278.0,4.522992320799066
1280.0,5.583377763517539
1292.0,6.923113424580494
1311.0,6.688513671466958
1332.0,5.131647037580003
1334.0,4.034448764656415
1381.0,3.9923032999541848
1388.0,5.085226562315642
1390.0,6.742052805121006
1397.0,5.113907986082255
1425.0,5.992432026756415
1443.0,5.690326765877126
1467.0,5.0297167293793965
1471.0,5.3971915130774875
1502.0,4.975430856850304
1510.0,5.615301660017321
1548.0,5.762769032799152
1574.0,5.986915275326841
1582.0,5.987261267344955
1607.0,5.2212629852517445
1687.0,5.513546054526071
1749.0,7.216228521014521
1755.0,5.831475461962354
1767.0,5.5210806007431845
1787.0,7.042802316979589
1789.0,5.471977466225868
1798.0,5.493476821278941
1812.0,6.332619705818278
1832.0,5.810787220011276
1847.0,6.047854696407245
1848.0,5.802627536368629
1850.0,6.705550634055244
1860.0,5.942071418456104
1868.0,5.808445750782662
1872.0,5.12875249083957
1875.0,6.325699277115659
1876.0,5.333350921801123
1893.0,4.348156980147495
1903.0,6.110808317244414
1928.0,6.324738981445302
1929.0,7.5739622787370715
1932.0,6.468634118285296
1947.0,6.8444219998827425
1961.0,6.3900885420202425
1982.0,5.5061448373288275
1986.0,5.590789726124678
1992.0,6.8837408389143615
1993.0,5.600407425856437
1997.0,6.132958520662092
1998.0,7.0789272331214885
2022.0,6.3090471080080714
2024.0,6.305910727886202
2042.0,5.432300134173941
2044.0,6.037655397008656
2051.0,5.913745020598727
2063.0,5.4862210413246135
2064.0,6.032578852923608
2068.0,6.155555606950571
2084.0,6.346262821829933
2132.0,5.845509743436619
2164.0,6.488934756056462
2170.0,6.743838463352334
2175.0,6.286650590001793
2180.0,5.934299391654447
2194.0,4.664899666228628
2198.0,6.47312339303693
2202.0,4.408302785114923
2205.0,6.308136821749915
2209.0,7.246681643091337
2226.0,5.472297763516901
2241.0,6.553416557533463
2243.0,6.359864033166632
2246.0,6.2771725053350735
2248.0,6.143118557005204
2261.0,5.04369662190396
2262.0,5.07811887391595
2266.0,6.270265100779854
2299.0,6.036833887783645
2302.0,6.081699359199783
2311.0,7.037771191073448
2322.0,7.074828097591123
2332.0,6.122298430605719
2371.0,5.788216499419802
2373.0,6.572928203097369
2376.0,6.035459680833101
2379.0,4.944259749719571
2397.0,6.13973821543536
2419.0,6.975163483857607
2429.0,6.740959431233712
2436.0,6.74563383314978
2440.0,6.28029936264636
2443.0,6.544445046229635
2446.0,5.60536136044704
2467.0,6.2472741423648674
2475.0,7.397618733480607
2480.0,4.712899269857383
2486.0,6.721828190742381
2488.0,6.721828190742381
2500.0,6.0969037164655
2508.0,5.925049688822435
2526.0,5.926713286694758
2529.0,7.002016361877325
2533.0,5.213893414961449
2556.0,6.106320931552956
2569.0,6.791990021848999
2571.0,6.370402432021859
2581.0,6.717918068687173
2583.0,6.791043740500424
2590.0,5.052541994703472
2594.0,5.937815362832545
2597.0,6.461587308740244
2607.0,6.068601817943295
2624.0,6.400096936411824
2637.0,6.1753472095251105
2658.0,5.3976536108800115
2665.0,5.673923062168564
2682.0,6.341348078283003
2689.0,6.0882344046061885
2697.0,6.528331624610622
2707.0,6.697946657817619
2718.0,5.555698706222083
2725.0,7.391892041591815
2729.0,5.579918884263465
2731.0,5.94237191475076
2735.0,7.2915340130258794
2740.0,6.284691451169683
2750.0,5.252983413463513
2758.0,5.757133105720593
2765.0,4.956285575651634
2770.0,4.686708938678928
2772.0,6.941335670514067
2775.0,5.827734750211777
2785.0,5.040501830633383
2790.0,6.920864398779164
2794.0,6.339249924990172
2803.0,5.3450910751342775
2810.0,5.828187414577561
2817.0,6.64156007094731
2823.0,7.274735521104651
2824.0,7.10048335533684
2833.0,6.434389282484172
2842.0,7.534385914817646
2867.0,5.515196658899599
2869.0,6.279750637152995
2886.0,7.736807964379942
2911.0,5.391857715226129
2939.0,6.346875913691369
2944.0,7.349146342366899
2971.0,6.240694309089433
2990.0,7.05253582615592
2997.0,5.918340581149485
3004.0,4.940324628272085
3007.0,5.918340581149485
3039.0,5.784428619096062
3040.0,5.671937883745565
3046.0,6.280150745034057
3052.0,7.241946686877263
3055.0,7.1292380218615365
3057.0,7.544819912695081
3064.0,5.820731611466037
3075.0,5.848076551979782
3099.0,6.773541772131985
3117.0,6.954074432807893
3127.0,6.435186541597057
3134.0,5.763768562841035
3149.0,6.691680089837895
3151.0,7.743823974458621
3155.0,6.382168755406349
3164.0,6.214762664836009
3172.0,5.910661628245093
3189.0,7.355435941590551
3209.0,7.298173111999305
3230.0,6.163389259296681
3245.0,6.526895250024944
3250.0,5.569071082519608
3258.0,5.549577227326624
3270.0,6.769922058570362
3310.0,6.900995771210644
3317.0,5.2016140387882555
3336.0,6.218835672548609
3337.0,5.920211092092273
3350.0,7.128476376209738
3362.0,5.96730310365445
3367.0,6.010482214417346
3382.0,5.368825349860169
3383.0,7.433261087059966
3385.0,6.797689172690516
3392.0,6.330314546278389
3394.0,5.6166057308727115
3395.0,6.7528984369715666
3406.0,6.257768080757886
3407.0,6.06612908607176
3417.0,7.081130149982134
3428.0,7.000520190887142
3438.0,6.042125674100306
3443.0,7.227592900615528
3446.0,5.821696383423303
3459.0,6.848503323989734
3460.0,6.442033983611994
3483.0,6.6363817945816574
3491.0,6.087380807201461
3497.0,5.853075841269846
3515.0,5.729417751284027
3516.0,5.963158602384455
3535.0,6.551625472530832
3539.0,5.255065197532632
3555.0,5.698984750047199
3557.0,5.637381241529022
3566.0,6.1606767966118365
3580.0,5.901744927772539
3587.0,6.069235891643261
3588.0,7.0199609532987886
3622.0,6.467111447916713
3625.0,4.631938111565791
3626.0,5.5359177745388966
3632.0,6.371200386247219
3634.0,5.711144838299482
3636.0,6.544600997984222
3639.0,5.872935987273204
3645.0,5.649590543215714
3657.0,5.513799199949608
3666.0,5.964356160095106
3681.0,6.382786889947923
3682.0,5.709068190358803
3686.0,6.250868001457183
3727.0,5.388342605220897
3739.0,6.195226990272985
3748.0,7.198962064354215
3749.0,7.361312893166737
3757.0,6.458802556253065
3765.0,4.9308300748035006
3786.0,5.072762123163832
3799.0,5.977501744641911
3803.0,5.519761033732022
3814.0,6.500871718012357
3815.0,5.657175973728144
3823.0,6.458229629696071
3826.0,5.791790860454801
3832.0,4.634381395705686
3854.0,6.134944016562784
3861.0,5.928169278350641
3875.0,5.646355334769927
3880.0,6.106068830275132
3901.0,5.527348739804575
3905.0,5.845317932439464
3908.0,5.055962290246436
3926.0,4.175949849899505
3932.0,7.269413017974763
3933.0,5.414362944367733
3934.0,6.822708381460686
3937.0,6.431423921915206
3945.0,5.68700005481791
3957.0,5.836258016306635
3959.0,6.612282432204603
3961.0,6.662792679615629
3969.0,6.864160710105004
3976.0,6.310716745724106
3985.0,5.537787978042383
3990.0,6.653481705692302
3992.0,6.275653486193603
4001.0,6.297817698506561
4002.0,7.074289956357569
4016.0,5.092949702579711
4020.0,6.047394776656985
4022.0,5.946018655736937
4025.0,6.497570137796826
4042.0,5.585346983334562
4044.0,5.666093404226212
4052.0,6.708197232591859
4076.0,6.298869816774726
4086.0,6.73409958625831
4090.0,5.80420741730846
4095.0,5.9163290470019465
4109.0,5.708358698707945
4114.0,6.9547181549092345
4120.0,7.051434740620902
4121.0,6.614305847312872
4124.0,6.614305847312872
4137.0,6.236954599522468
4140.0,5.9890572425540345
4144.0,6.154501729242513
4150.0,5.742451715503309
4157.0,6.966306712784572
4161.0,5.601600678492995
4163.0,5.77327681822891
4164.0,5.440103686653758
4166.0,7.066883528532463
4169.0,7.066883528532463
4175.0,5.604186223233652
4198.0,5.852311910029611
4200.0,5.988573791635746
4221.0,7.068518584489976
4222.0,7.017627689128695
4266.0,6.558464261876159
4273.0,6.182444383647384
4277.0,5.279790195288298
4302.0,6.047616841269461
4305.0,5.984186906352091
4310.0,5.912229818763196
4314.0,6.558109910636832
4326.0,6.5198691726011475
4332.0,6.675266308835914
4343.0,5.673977514487941
4354.0,5.311038967409457
4366.0,6.381854686176199
4372.0,7.027035150786938
4376.0,6.650866204507377
4378.0,6.956865142487066
4379.0,4.816367096003498
4402.0,6.43011184412115
4409.0,6.949559038081688
4421.0,6.579693497020719
4428.0,6.996716889115065
4433.0,6.960427413336127
4452.0,6.830277260182592
4453.0,6.861007897486489
4466.0,6.793031096523931
4511.0,7.243682851822458
4516.0,7.461453934105229
4518.0,6.971777215979904
4537.0,6.650782393339309
4551.0,4.716987942928769
4566.0,6.165269963841897
4568.0,6.269063833665742
4573.0,6.67417240730113
4574.0,6.781930109345966
4587.0,6.621659343517704
4598.0,7.10500919456558
4656.0,7.803831474846058
4681.0,5.66732259637533
4689.0,6.979947426455865
4711.0,6.16197388509517
4724.0,6.7102738267429896
4736.0,6.87793169014577
4752.0,7.26457857464052
4753.0,7.335522899284482
4758.0,6.799070101813724
4762.0,7.591536997357682
4777.0,5.9413669369202236
4784.0,7.16545433536529
4812.0,6.66904347083238
4840.0,6.9657077805487315
4845.0,7.271236825993775
4867.0,7.182742663690867
4873.0,6.972488933396484
4883.0,7.062476567874819
4893.0,5.860534608281654
4899.0,5.653675675070928
4911.0,7.6797887478417035
4934.0,5.916782238554747
4951.0,7.005171417247679
4958.0,6.7561449280437955
4964.0,7.2331958471544695
4969.0,7.508502405809146
4988.0,6.624954681696726
4992.0,7.507418812277642
4995.0,6.798660184572357
5003.0,5.60432493881513
5011.0,6.460193477317997
5027.0,7.1138726242659285
5053.0,6.817715137917258
5055.0,6.2356713933845125
5064.0,7.793235761482785
5065.0,7.918068408451033
5085.0,6.341495802569391
5087.0,6.683323637805753
5109.0,6.70704606733465
5111.0,6.737126766258436
5138.0,7.068939035350459
5149.0,6.582881742430164
5157.0,5.786379458883635
5159.0,6.732782885592535
5171.0,5.272769504346968
5176.0,7.078591226403882
5185.0,6.55588360072719
5210.0,6.935470578601878
5211.0,6.666227846618838
5215.0,5.865269956282587
5227.0,5.624353523917209
5230.0,6.301080601826797
5233.0,6.8407260628611635
5235.0,6.295300421764819
5236.0,6.428786733979791
5247.0,6.659480349086964
5254.0,7.099098445379449
5262.0,7.383600001004373
5265.0,6.7725359077453415
5281.0,7.3337519085862155
5285.0,5.484589703717335
5287.0,7.339847248130846
5289.0,6.947651993821735
5297.0,7.2180126331730605
5298.0,5.484589703717335
5303.0,5.857600767903856
5315.0,6.286064818637184
5317.0,6.036153191443288
5326.0,6.670658533528879
5329.0,5.967137851745905
5333.0,6.084135940553754
5335.0,7.414451785363877
5355.0,5.428900400886711
5356.0,6.025815541108985
5360.0,6.5868972745464625
5416.0,6.832964019886157
5422.0,5.973335371488199
5435.0,7.170509043665479
5441.0,7.11920321869523
5457.0,7.749901809302147
5463.0,7.055137427022784
5470.0,5.625480809786074
5479.0,5.487608830446029
5481.0,6.38143983028468
5484.0,7.0754527544884915
5487.0,5.487608830446029
5489.0,6.779262566323815
5490.0,6.38143983028468
5492.0,5.181173492862363
5497.0,6.585363036358006
5500.0,4.869766814030122
5507.0,6.766866201569188
5509.0,8.003177864752129
5515.0,8.003177864752129
5537.0,7.079018035727256
5565.0,6.25380556821656
5580.0,6.351377564756344
5587.0,7.1943930148391555
5588.0,6.73309199492986
5596.0,7.525297104113479
5604.0,7.252527276837743
5610.0,7.525297104113479
5629.0,6.7866101589096886
5639.0,5.764951369927418
5641.0,5.962485234209463
5653.0,6.2747364276802955
5657.0,7.075744020473607
5671.0,7.066989793683737
5703.0,6.553306369097676
5710.0,6.563167713286487
5713.0,6.909305406654775
5721.0,5.8405736028531425
5729.0,6.291961188221855
5742.0,6.849605196435187
5747.0,5.672736384474696
5752.0,5.700652163247478
5774.0,6.243751761723368
5792.0,6.911450252287219
5812.0,4.435483973456925
5814.0,5.49770297745758
5816.0,5.394222646156733
5837.0,5.712673577851543
5845.0,7.268194077610923
5851.0,6.262057827098085
5888.0,6.345045688500596
5923.0,6.822209669206095
5934.0,6.037553395633001
5942.0,6.207926902638718
5962.0,6.273925059551784
5969.0,5.505235061454533
5982.0,7.064694938409868
5996.0,6.270494954279362
6007.0,5.674866573262177
6010.0,7.665904178664626
6015.0,5.881136400353855
6018.0,5.905815711247788
6036.0,6.839460011640147
6055.0,6.045593819406831
6065.0,6.657644919299942
6072.0,5.357758211971005
6077.0,5.8451362074443995
6102.0,8.080918886247435
6104.0,6.334541581879023
6125.0,7.348089543165587
6126.0,6.0918871842754445
6159.0,8.260140246063404
6160.0,6.069647340699346
6171.0,7.643402259674886
6194.0,6.719393796136105
6195.0,7.146139357224179
6204.0,7.188260934438814
6213.0,5.6834643452007345
6216.0,7.408038638358493
6228.0,6.428124310887844
6229.0,6.687798635487987
6235.0,5.939923160247586
6243.0,7.462942595591098
6253.0,6.804979938789922
6270.0,5.9793902241968535
6284.0,6.498778397089692
6285.0,5.1463851892534525
6297.0,5.552459549225961
6312.0,6.42452518579909
6317.0,6.4407731013972604
6320.0,6.467016110318053
6326.0,6.148332104758078
6361.0,6.32064484415365
6363.0,7.019191419520734
6365.0,7.272524950106549
6400.0,7.025641236877629
6408.0,6.247262641071959
6411.0,6.9232805819014125
6417.0,7.66776357448142
6440.0,6.189284669115095
6444.0,5.265868535598775
6455.0,5.77256105271098
6460.0,6.382880101000252
6477.0,3.9066130162322628
6479.0,5.944542313991693
